06089010801 , 0.0
06007001800 , 0.0
06045010900 , 0.0
06115040500 , 0.0
06061021107 , 0.0
06017030803 , 0.0
06113011001 , 0.0
06067006101 , 0.0
06067005402 , 0.0
06067000900 , 0.0
06113010607 , 0.0
06067005002 , 0.0
06097153600 , 0.0
06097153501 , 0.0
06097150605 , 0.0
06023011200 , 0.0
06021010300 , 0.0
06067007801 , 0.0
06067005300 , 0.0
06005000301 , 0.0
06067009609 , 0.0
06021010501 , 0.0
06057000801 , 0.0
06101050504 , 0.0
06067007207 , 0.0
06113011101 , 0.0
06097151308 , 0.0
06089010600 , 0.0
06017031000 , 0.0
06067005102 , 0.0
06097151800 , 0.0
06021010200 , 0.0
06057000701 , 0.0
06067008210 , 0.0
06113011102 , 0.0
06067008912 , 0.0
06067009112 , 0.0
06045011100 , 0.0
06067002100 , 0.0
06067004904 , 0.0
06095253105 , 0.0
06007000300 , 0.0
06061021108 , 0.0
06051000100 , 0.0
06113011103 , 0.0
06067006600 , 0.0
06067009111 , 0.0
06067009614 , 0.0
06067009405 , 0.0
06089010702 , 0.0
06033001000 , 0.0
06113010102 , 0.0
06045011200 , 0.0
06113011205 , 0.0
06055202000 , 0.0
06067001200 , 0.0
06067004700 , 0.0
06097151201 , 0.0
06089010701 , 0.0
06017030702 , 0.0
06067006300 , 0.0
06067002800 , 0.0
06097154302 , 0.0
06061022001 , 0.0
06115040600 , 0.0
06067008403 , 0.0
06067001500 , 0.0
06097150201 , 0.0
06007000400 , 0.0
06017031100 , 0.0
06067008600 , 0.0
06067005506 , 0.0
06113010501 , 0.0
06097153002 , 0.0
06005000100 , 0.0
06067008133 , 0.0
06067005001 , 0.0
06089010802 , 0.0
06033000500 , 0.0
06045011800 , 0.0
06113011002 , 0.0
06097153801 , 0.0
06095251903 , 0.0
06109002200 , 0.0
06077003408 , 0.0
06013360100 , 0.0
06013303200 , 0.0
06077000700 , 0.0
06077003803 , 0.0
06001422700 , 0.0
06077005110 , 0.0
06075010500 , 0.0
06075011700 , 0.0
06001406300 , 0.0
06075017601 , 0.0
06075017700 , 0.0
06075020400 , 0.0
06077004202 , 0.0
06075013500 , 0.0
06075016800 , 0.0
06095251902 , 0.0
06041107000 , 0.0
06013375000 , 0.0
06077003802 , 0.0
06001423100 , 0.0
06077003307 , 0.0
06001403600 , 0.0
06075022702 , 0.0
06013374000 , 0.0
06013390200 , 0.0
06013352201 , 0.0
06001427800 , 0.0
06001407300 , 0.0
06095252102 , 0.0
06013315000 , 0.0
06077003306 , 0.0
06013321101 , 0.0
06077005111 , 0.0
06001430100 , 0.0
06075011100 , 0.0
06013325000 , 0.0
06075020100 , 0.0
06077003407 , 0.0
06013336200 , 0.0
06041128200 , 0.0
06001422800 , 0.0
06075017901 , 0.0
06001409000 , 0.0
06013313202 , 0.0
06077003114 , 0.0
06041121200 , 0.0
06013343001 , 0.0
06001451101 , 0.0
06075012500 , 0.0
06001423200 , 0.0
06013389100 , 0.0
06013344000 , 0.0
06001427900 , 0.0
06109004100 , 0.0
06041112100 , 0.0
06013355104 , 0.0
06013345201 , 0.0
06077004500 , 0.0
06013358000 , 0.0
06075015900 , 0.0
06075060300 , 0.0
06075030600 , 0.0
06001432500 , 0.0
06001450601 , 0.0
06001451602 , 0.0
06001450701 , 0.0
06081604300 , 0.0
06001440307 , 0.0
06001442100 , 0.0
06001443001 , 0.0
06099003700 , 0.0
06085511604 , 0.0
06085511703 , 0.0
06085509401 , 0.0
06085505007 , 0.0
06085505100 , 0.0
06075021700 , 0.0
06075023400 , 0.0
06081601501 , 0.0
06085504802 , 0.0
06001433400 , 0.0
06001435102 , 0.0
06099002602 , 0.0
06001441923 , 0.0
06001443002 , 0.0
06085504414 , 0.0
06075023103 , 0.0
06075026001 , 0.0
06099003201 , 0.0
06085511607 , 0.0
06081602000 , 0.0
06001440304 , 0.0
06085505005 , 0.0
06085509303 , 0.0
06001410400 , 0.0
06081601605 , 0.0
06081609100 , 0.0
06085511000 , 0.0
06001450300 , 0.0
06081601200 , 0.0
06001441522 , 0.0
06081610201 , 0.0
06085504805 , 0.0
06085509801 , 0.0
06001409300 , 0.0
06001442600 , 0.0
06099000601 , 0.0
06081601603 , 0.0
06081605400 , 0.0
06085504507 , 0.0
06085504314 , 0.0
06085504316 , 0.0
06081600600 , 0.0
06075030800 , 0.0
06099000805 , 0.0
06085504320 , 0.0
06047000304 , 0.0
06085503708 , 0.0
06075033202 , 0.0
06081601800 , 0.0
06001443103 , 0.0
06085504412 , 0.0
06001451401 , 0.0
06001440332 , 0.0
06081609900 , 0.0
06085509108 , 0.0
06085504101 , 0.0
06075030700 , 0.0
06099002803 , 0.0
06081608001 , 0.0
06081610400 , 0.0
06085504413 , 0.0
06085505401 , 0.0
06085503324 , 0.0
06085502300 , 6.0
06085512020 , 0.0
06085512035 , 0.0
06085512508 , 0.0
06019008401 , 0.0
06019005703 , 0.0
06019002300 , 0.0
06019001500 , 0.0
06019006601 , 0.0
06053011301 , 0.0
06053011302 , 0.0
06029004700 , 0.0
06029000506 , 0.0
06085506103 , 0.0
06085503212 , 0.0
06019004505 , 0.0
06019002200 , 0.0
06107002304 , 0.0
06085512017 , 0.0
06085511907 , 0.0
06053010102 , 0.0
06107002202 , 0.0
06029003807 , 0.0
06085510002 , 0.0
06085503305 , 0.0
06085503317 , 0.0
06085512507 , 0.0
06019002901 , 0.0
06079010201 , 0.0
06085507002 , 0.0
06087110400 , 0.0
06053010702 , 0.0
06031000300 , 0.0
06107002903 , 0.0
06029001400 , 0.0
06085508202 , 0.0
06085511909 , 0.0
06019005604 , 0.0
06019006100 , 0.0
06079010100 , 0.0
06085512001 , 0.0
06053013300 , 0.0
06085501700 , 0.0
06085507905 , 0.0
06087100300 , 0.0
06019002100 , 0.0
06107001301 , 0.0
06107002901 , 0.0
06019004506 , 0.0
06019001000 , 0.0
06029000909 , 0.0
06085508301 , 0.0
06085506701 , 0.0
06085511910 , 0.0
06029001700 , 0.0
06047001101 , 0.0
06047001302 , 0.0
06039000509 , 0.0
06019004000 , 0.0
06053010604 , 0.0
06053014000 , 0.0
06107001003 , 0.0
06085508204 , 0.0
06085512019 , 0.0
06085511905 , 0.0
06087110300 , 0.0
06019004303 , 0.0
06029005401 , 0.0
06085511800 , 0.0
06053010602 , 0.0
06107002800 , 0.0
06085508203 , 0.0
06047001102 , 0.0
06085507903 , 0.0
06085507301 , 0.0
06039000508 , 0.0
06019004212 , 0.0
06107003001 , 0.0
06029000904 , 0.0
06079010901 , 0.0
06079012301 , 0.0
06083002809 , 0.0
06037900101 , 0.0
06071009712 , 0.0
06083003004 , 0.0
06037920042 , 0.0
06037108104 , 0.0
06037103300 , 0.0
06037113202 , 0.0
06037460501 , 0.0
06037300600 , 0.0
06037131700 , 0.0
06111003401 , 0.0
06037128302 , 0.0
06037920103 , 0.0
06037920326 , 0.0
06037106605 , 0.0
06071010410 , 0.0
06037120400 , 0.0
06029002817 , 0.0
06029005900 , 0.0
06037910201 , 0.0
06071009710 , 0.0
06083003001 , 0.0
06037111204 , 0.0
06037101400 , 0.0
06111005504 , 0.0
06037128303 , 0.0
06071010402 , 0.0
06083001202 , 0.0
06037131020 , 0.0
06111003608 , 0.0
06079010703 , 0.0
06037320200 , 0.0
06037101210 , 0.0
06037122200 , 0.0
06037120300 , 0.0
06037139000 , 0.0
06029005600 , 0.0
06037910301 , 0.0
06071010003 , 0.0
06083001602 , 0.0
06037109400 , 0.0
06111004706 , 0.0
06029002815 , 0.0
06079012401 , 0.0
06037120020 , 0.0
06037131800 , 0.0
06037461200 , 0.0
06083002807 , 0.0
06037113100 , 0.0
06037101220 , 0.0
06037113401 , 0.0
06029002819 , 0.0
06037901206 , 0.0
06037920331 , 0.0
06037127510 , 0.0
06037131900 , 0.0
06037128400 , 0.0
06029003302 , 0.0
06083002707 , 0.0
06037104202 , 0.0
06071011000 , 0.0
06079011400 , 0.0
06083002708 , 0.0
06083000400 , 0.0
06071010024 , 0.0
06037104701 , 0.0
06037134720 , 0.0
06111003605 , 0.0
06029006201 , 0.0
06083001906 , 0.0
06037102101 , 0.0
06037117303 , 0.0
06029002820 , 0.0
06111000200 , 0.0
06037930200 , 0.0
06111002500 , 0.0
06037134710 , 0.0
06079012402 , 0.0
06083000501 , 0.0
06083000200 , 0.0
06083001702 , 0.0
06037108103 , 0.0
06111007505 , 0.0
06037117404 , 0.0
06037460800 , 0.0
06111005906 , 0.0
06037301000 , 0.0
06037143300 , 0.0
06037302301 , 0.0
06037302400 , 0.0
06037430723 , 0.0
06071000808 , 0.0
06071000900 , 0.0
06037405101 , 0.0
06037401311 , 0.0
06037201503 , 0.0
06037700800 , 0.0
06037402704 , 0.0
06037211702 , 0.0
06037402404 , 0.0
06037400800 , 0.0
06037262500 , 0.0
06037199202 , 0.0
06037433301 , 0.0
06071003601 , 0.0
06037482304 , 0.0
06037400604 , 0.0
06037186402 , 0.0
06037403721 , 0.0
06037481300 , 0.0
06111004702 , 0.0
06037143400 , 0.0
06037143901 , 0.0
06037262301 , 0.0
06037432602 , 0.0
06037214100 , 0.0
06037481714 , 0.0
06037462500 , 0.0
06037262100 , 0.0
06037403702 , 0.0
06037203300 , 0.0
06037141400 , 0.0
06037189200 , 0.0
06037480802 , 0.0
06037402600 , 0.0
06037141200 , 0.0
06037430802 , 0.0
06037401901 , 0.0
06037403703 , 0.0
06037201501 , 0.0
06037262602 , 0.0
06037461400 , 0.0
06037143601 , 0.0
06037464200 , 0.0
06037194100 , 0.0
06037400304 , 0.0
06037404901 , 0.0
06037137000 , 0.0
06111005907 , 0.0
06037400602 , 0.0
06071001303 , 0.0
06037214000 , 0.0
06037265420 , 0.0
06037464100 , 0.0
06037405800 , 0.0
06037201402 , 0.0
06037211701 , 0.0
06111004301 , 0.0
06037301702 , 0.0
06037302201 , 0.0
06037480011 , 0.0
06037405400 , 0.0
06037214400 , 0.0
06037480500 , 0.0
06071001200 , 0.0
06065045800 , 0.0
06071001304 , 0.0
06037406411 , 0.0
06037301601 , 0.0
06037300902 , 0.0
06071000809 , 0.0
06037432102 , 0.0
06037433403 , 0.0
06037433402 , 0.0
06037267900 , 0.0
06037206020 , 0.0
06037530902 , 0.0
06037403000 , 0.0
06037267600 , 0.0
06065040502 , 0.0
06037531202 , 0.0
06037530102 , 0.0
06037532400 , 0.0
06037703100 , 0.0
06065030502 , 0.0
06037234800 , 0.0
06065030300 , 0.0
06037239800 , 0.0
06037218300 , 0.0
06037224600 , 0.0
06037408135 , 0.0
06037433401 , 0.0
06037206030 , 0.0
06037403317 , 0.0
06037530203 , 0.0
06065040605 , 0.0
06037408625 , 0.0
06037234900 , 0.0
06037269700 , 0.0
06037531302 , 0.0
06065043809 , 0.0
06037534804 , 0.0
06071008404 , 0.0
06037264301 , 0.0
06037213202 , 0.0
06037530901 , 0.0
06037530202 , 0.0
06065043802 , 0.0
06037275311 , 0.0
06037701301 , 0.0
06037238100 , 0.0
06037433502 , 0.0
06037210010 , 0.0
06037206300 , 0.0
06071000500 , 0.0
06037702300 , 0.0
06037500500 , 0.0
06037533105 , 0.0
06037208902 , 0.0
06037702201 , 0.0
06071000106 , 0.0
06037533300 , 0.0
06037533201 , 0.0
06065042206 , 0.0
06037207500 , 0.0
06037267401 , 0.0
06037407200 , 0.0
06065030400 , 0.0
06037276400 , 0.0
06037209300 , 0.0
06037227020 , 0.0
06037408503 , 0.0
06037433501 , 0.0
06037224320 , 0.0
06065042410 , 0.0
06037403325 , 0.0
06037217200 , 0.0
06037403406 , 0.0
06037234000 , 0.0
06037228100 , 0.0
06037237500 , 0.0
06037407102 , 0.0
06037267800 , 0.0
06037224010 , 0.0
06037532500 , 0.0
06065040603 , 0.0
06037535501 , 0.0
06037433602 , 0.0
06037209520 , 0.0
06037408501 , 0.0
06065043808 , 0.0
06037532900 , 0.0
06037502301 , 0.0
06037278000 , 0.0
06037240600 , 0.0
06037503501 , 0.0
06037503000 , 0.0
06065042523 , 0.0
06037602600 , 0.0
06065040811 , 0.0
06059011711 , 0.0
06037570401 , 0.0
06065041805 , 0.0
06065042010 , 0.0
06059086601 , 0.0
06059110102 , 0.0
06065044701 , 0.0
06037651301 , 0.0
06037503602 , 0.0
06037602403 , 0.0
06037552800 , 0.0
06037291220 , 0.0
06037554516 , 0.0
06037574100 , 0.0
06037240500 , 0.0
06037550100 , 0.0
06059011721 , 0.0
06037571900 , 0.0
06037551500 , 0.0
06065042504 , 0.0
06059021830 , 0.0
06065041600 , 0.0
06037554900 , 0.0
06059086502 , 0.0
06065010100 , 0.0
06037574000 , 0.0
06037602900 , 0.0
06037553000 , 0.0
06037543321 , 0.0
06037535803 , 0.0
06037551700 , 0.0
06059075813 , 0.0
06065040805 , 0.0
06037553100 , 0.0
06059021829 , 0.0
06065041809 , 0.0
06037543801 , 0.0
06037573800 , 0.0
06065042208 , 0.0
06059110603 , 0.0
06059076208 , 0.0
06037535804 , 0.0
06037241110 , 0.0
06037540800 , 0.0
06059021812 , 0.0
06065042719 , 0.0
06037573401 , 0.0
06037240800 , 0.0
06037620001 , 0.0
06065040809 , 0.0
06059021810 , 0.0
06037571600 , 0.0
06037573700 , 0.0
06059087403 , 0.0
06037620301 , 0.0
06037621102 , 0.0
06059110115 , 0.0
06059086301 , 0.0
06037240400 , 0.0
06037601802 , 0.0
06037620101 , 0.0
06037291110 , 0.0
06059011715 , 0.0
06037603102 , 0.0
06059110500 , 0.0
06059011720 , 0.0
06065042603 , 0.0
06059087501 , 0.0
06037554102 , 0.0
06065042515 , 0.0
06037602105 , 0.0
06037570301 , 0.0
06059086406 , 0.0
06059086304 , 0.0
06065040702 , 0.0
06037241400 , 0.0
06037554202 , 0.0
06037502800 , 0.0
06065042519 , 0.0
06037602106 , 0.0
06059021825 , 0.0
06037621101 , 0.0
06059110116 , 0.0
06059087101 , 0.0
06065041202 , 0.0
06037241000 , 0.0
06037541001 , 0.0
06059011000 , 0.0
06037602402 , 0.0
06059086407 , 0.0
06059086803 , 0.0
06065042513 , 0.0
06037620002 , 0.0
06059011402 , 0.0
06037570303 , 0.0
06059032011 , 0.0
06065040804 , 0.0
06037554201 , 0.0
06059011200 , 0.0
06037572400 , 0.0
06065031300 , 0.0
06037291120 , 0.0
06037554518 , 0.0
06065041807 , 0.0
06059021915 , 0.0
06037294120 , 0.0
06037602700 , 0.0
06037620102 , 0.0
06037540902 , 0.0
06037554300 , 0.0
06065041906 , 0.0
06037571701 , 0.0
06037571102 , 0.0
06037603500 , 0.0
06037555001 , 0.0
06037621400 , 0.0
06037600301 , 0.0
06037620003 , 0.0
06065040806 , 0.0
06037602302 , 0.0
06037603704 , 0.0
06037554802 , 0.0
06059075814 , 0.0
06037540901 , 0.0
06037541802 , 0.0
06059021924 , 0.0
06065041909 , 0.0
06037621322 , 0.0
06037553902 , 0.0
06037571502 , 0.0
06037543903 , 0.0
06037541603 , 0.0
06037603003 , 0.0
06065041702 , 0.0
06037570601 , 0.0
06059087404 , 0.0
06037535901 , 0.0
06037600302 , 0.0
06065040807 , 0.0
06059076202 , 0.0
06059110201 , 0.0
06065040901 , 0.0
06059011504 , 0.0
06037554514 , 0.0
06037603200 , 0.0
06037572002 , 0.0
06059001102 , 0.0
06059021827 , 0.0
06059021923 , 0.0
06059075810 , 0.0
06037535606 , 0.0
06065044401 , 0.0
06037603703 , 0.0
06059021820 , 0.0
06037650101 , 0.0
06037650603 , 0.0
06037651201 , 0.0
06037503402 , 0.0
06059001103 , 0.0
06037553602 , 0.0
06037620400 , 0.0
06059110110 , 0.0
06059087601 , 0.0
06059021822 , 0.0
06037554401 , 0.0
06037543501 , 0.0
06037650602 , 0.0
06037503302 , 0.0
06065042604 , 0.0
06037553400 , 0.0
06037620701 , 0.0
06037572001 , 0.0
06065042606 , 0.0
06059001504 , 0.0
06037542200 , 0.0
06037650702 , 0.0
06059087106 , 0.0
06037541604 , 0.0
06037551400 , 0.0
06065042522 , 0.0
06037620302 , 0.0
06037554801 , 0.0
06037650102 , 0.0
06037570304 , 0.0
06037555104 , 0.0
06037651221 , 0.0
06059087103 , 0.0
06059021816 , 0.0
06037604000 , 0.0
06037650601 , 0.0
06065031501 , 0.0
06037553701 , 0.0
06059011403 , 0.0
06037570902 , 0.0
06037555002 , 0.0
06037543904 , 0.0
06037540502 , 0.0
06065042004 , 0.0
06037542402 , 0.0
06037242100 , 0.0
06037542000 , 0.0
06037570800 , 0.0
06065042904 , 0.0
06059087704 , 0.0
06059001403 , 0.0
06059001202 , 0.0
06037603400 , 0.0
06037543202 , 0.0
06065041500 , 0.0
06059021920 , 0.0
06037541400 , 0.0
06037291300 , 0.0
06059087701 , 0.0
06059001501 , 0.0
06065042514 , 0.0
06065041408 , 0.0
06037554101 , 0.0
06065041803 , 0.0
06065041203 , 0.0
06065041813 , 0.0
06037554515 , 0.0
06037543303 , 0.0
06059087806 , 0.0
06037541500 , 0.0
06037620303 , 0.0
06037293201 , 0.0
06037293202 , 0.0
06065044200 , 0.0
06037503201 , 0.0
06059011709 , 0.0
06037570701 , 0.0
06065041404 , 0.0
06065041812 , 0.0
06037573902 , 0.0
06037551000 , 0.0
06037240900 , 0.0
06065031703 , 0.0
06037603301 , 0.0
06065042903 , 0.0
06037651102 , 0.0
06059110108 , 0.0
06065042006 , 0.0
06059011707 , 0.0
06059001602 , 0.0
06059001802 , 0.0
06065042721 , 0.0
06037601600 , 0.0
06037543201 , 0.0
06065044910 , 0.0
06037572301 , 0.0
06037276602 , 0.0
06065044103 , 0.0
06065031702 , 0.0
06059021802 , 0.0
06037570603 , 0.0
06037241120 , 0.0
06037553300 , 0.0
06037543100 , 0.0
06059087105 , 0.0
06059087405 , 0.0
06065043900 , 0.0
06065043510 , 0.0
06037292000 , 0.0
06059001706 , 0.0
06059011718 , 0.0
06037543400 , 0.0
06037543802 , 0.0
06059110106 , 0.0
06037600100 , 0.0
06037600501 , 0.0
06037553601 , 0.0
06037650701 , 0.0
06037572202 , 0.0
06037294300 , 0.0
06059076000 , 0.0
06037576503 , 0.0
06059075606 , 0.0
06065043701 , 0.0
06059074403 , 0.0
06059075515 , 0.0
06059099250 , 0.0
06059099235 , 0.0
06059032049 , 0.0
06059099239 , 0.0
06059063302 , 0.0
06065043206 , 0.0
06073018700 , 0.0
06037577200 , 0.0
06059074111 , 0.0
06059099237 , 0.0
06037577100 , 0.0
06065043311 , 0.0
06059052515 , 0.0
06059062622 , 0.0
06059062633 , 0.0
06065043309 , 0.0
06059099309 , 0.0
06059099244 , 0.0
06037294420 , 0.0
06037577400 , 0.0
06065043401 , 0.0
06059074005 , 0.0
06065043211 , 0.0
06037573402 , 0.0
06037576802 , 0.0
06059052505 , 0.0
06059099413 , 0.0
06059032048 , 0.0
06037294410 , 0.0
06037670414 , 0.0
06065045107 , 0.0
06059032028 , 0.0
06037576200 , 0.0
06059062640 , 0.0
06059088201 , 0.0
06065043505 , 0.0
06065042715 , 0.0
06065010700 , 0.0
06059099243 , 0.0
06059075100 , 0.0
06065044807 , 0.0
06059052513 , 0.0
06059042334 , 0.0
06037573001 , 0.0
06065043504 , 0.0
06059075507 , 0.0
06059074003 , 0.0
06059052528 , 0.0
06059062626 , 0.0
06059021918 , 0.0
06059062627 , 0.0
06059032036 , 0.0
06059075806 , 0.0
06037575902 , 0.0
06059075002 , 0.0
06065043006 , 0.0
06059099245 , 0.0
06059062639 , 0.0
06059087805 , 0.0
06059074408 , 0.0
06059063201 , 0.0
06065045605 , 0.0
06037572900 , 0.0
06037670600 , 0.0
06065042716 , 0.0
06065045113 , 0.0
06059075805 , 0.0
06059075401 , 0.0
06059032030 , 0.0
06059042335 , 0.0
06059087602 , 0.0
06059074407 , 0.0
06059075513 , 0.0
06059052428 , 0.0
06065045706 , 0.0
06065043222 , 0.0
06037573202 , 0.0
06059075807 , 0.0
06059099509 , 0.0
06059052410 , 0.0
06059032014 , 0.0
06059032022 , 0.0
06059099802 , 0.0
06059074502 , 0.0
06059052522 , 0.0
06059042332 , 0.0
06059021914 , 0.0
06059099903 , 0.0
06065043203 , 0.0
06037574201 , 0.0
06037573002 , 0.0
06059075004 , 0.0
06065043002 , 0.0
06065043003 , 0.0
06059063603 , 0.0
06037670201 , 0.0
06065043307 , 0.0
06059042310 , 0.0
06037574300 , 0.0
06059086303 , 0.0
06059089107 , 0.0
06037296500 , 0.0
06065010500 , 0.0
06059075003 , 0.0
06065043001 , 0.0
06065010800 , 0.0
06037296400 , 0.0
06065043306 , 0.0
06059099204 , 0.0
06059042333 , 0.0
06037574400 , 0.0
06065043511 , 0.0
06059076103 , 0.0
06059074106 , 0.0
06065042714 , 0.0
06059063008 , 0.0
06059042311 , 0.0
06059099504 , 0.0
06059099227 , 0.0
06059042315 , 0.0
06037294700 , 0.0
06065043703 , 0.0
06065043310 , 0.0
06059099246 , 0.0
06059110113 , 0.0
06037577300 , 0.0
06059099234 , 0.0
06059042323 , 0.0
06059076102 , 0.0
06037670701 , 0.0
06059075514 , 0.0
06059099226 , 0.0
06059052520 , 0.0
06059052404 , 0.0
06059099233 , 0.0
06059042201 , 0.0
06037670202 , 0.0
06065043702 , 0.0
06065043315 , 0.0
06059099225 , 0.0
06059063802 , 0.0
06059032051 , 0.0
06037575102 , 0.0
06059099512 , 0.0
06065043314 , 0.0
06059099212 , 0.0
06059099305 , 0.0
06037577501 , 1.0
06059075506 , 0.0
06059052525 , 0.0
06059062614 , 0.0
06037670403 , 0.0
06065043313 , 0.0
06059075202 , 1.0
06059074803 , 0.0
06059099402 , 0.0
06059110012 , 0.0
06065043403 , 0.0
06059052523 , 0.0
06059074805 , 0.0
06059099224 , 0.0
06059042338 , 0.0
06037293302 , 0.0
06037670322 , 0.0
06059075403 , 0.0
06065045705 , 0.0
06059099241 , 0.0
06059063904 , 0.0
06059063007 , 0.0
06065043214 , 0.0
06065042720 , 0.0
06059110005 , 0.0
06059074801 , 0.0
06059052524 , 0.0
06059062643 , 0.0
06065044805 , 1.0
06059099703 , 0.0
06037543703 , 0.0
06059075301 , 0.0
06059099412 , 0.0
06059063805 , 0.0
06059052518 , 0.0
06059052422 , 0.0
06059032002 , 0.0
06059089106 , 0.0
06059074802 , 0.0
06059099222 , 0.0
06065042708 , 0.0
06037574202 , 0.0
06059074902 , 0.0
06059099404 , 0.0
06037670321 , 0.0
06037575300 , 0.0
06059088502 , 0.0
06065043005 , 0.0
06059052511 , 0.0
06059032015 , 0.0
06059087802 , 0.0
06059075505 , 0.0
06059074110 , 0.0
06037574901 , 0.0
06037575402 , 0.0
06059074405 , 0.0
06059099406 , 0.0
06059099240 , 0.0
06037577601 , 0.0
06059074806 , 0.0
06059099415 , 0.0
06059052506 , 0.0
06059062900 , 0.0
06059042339 , 0.0
06065043704 , 0.0
06037574902 , 0.0
06059088401 , 0.0
06059099407 , 0.0
06059052521 , 0.0
06065046101 , 0.0
06037651400 , 0.0
06059075201 , 0.0
06059099408 , 0.0
06059032031 , 0.0
06059062623 , 0.0
06059042111 , 0.0
06059087504 , 0.0
06037294820 , 0.0
06059110008 , 0.0
06059088905 , 0.0
06065045302 , 0.0
06059099417 , 0.0
06059052517 , 0.0
06065043210 , 0.0
06059099508 , 0.0
06059052424 , 0.0
06037575801 , 0.0
06037574500 , 0.0
06059089104 , 0.0
06059075607 , 0.0
06065044402 , 0.0
06065042711 , 0.0
06059063902 , 0.0
06065046102 , 0.0
06059042336 , 0.0
06059042112 , 0.0
06037670003 , 0.0
06037575802 , 0.0
06065045502 , 0.0
06059063601 , 0.0
06065043225 , 0.0
06059088402 , 0.0
06059099249 , 0.0
06065045603 , 0.0
06059052514 , 0.0
06059042319 , 0.0
06059042313 , 0.0
06037577602 , 0.0
06059075504 , 0.0
06059074901 , 0.0
06059099514 , 0.0
06059063702 , 0.0
06059076101 , 0.0
06059075604 , 0.0
06037576300 , 0.0
06037297000 , 0.0
06059062610 , 0.0
06059063005 , 0.0
06059062619 , 0.0
06059088601 , 0.0
06059099215 , 0.0
06059032020 , 0.0
06037297400 , 0.0
06059063103 , 0.0
06059042325 , 0.0
06059042205 , 0.0
06037296900 , 0.0
06059063701 , 0.0
06059088302 , 0.0
06037575803 , 0.0
06059088702 , 0.0
06065043308 , 0.0
06065045209 , 0.0
06065045111 , 0.0
06065045704 , 0.0
06059032003 , 0.0
06059042326 , 0.0
06037576401 , 0.0
06059089004 , 0.0
06059099511 , 0.0
06059052519 , 0.0
06059042206 , 0.0
06059062621 , 0.0
06059062647 , 0.0
06059062605 , 0.0
06037293304 , 0.0
06059089102 , 0.0
06065044909 , 0.0
06037297110 , 0.0
06065043305 , 0.0
06065045501 , 0.0
06059062611 , 0.0
06059042109 , 0.0
06037576403 , 0.0
06059087902 , 0.0
06059075701 , 0.0
06037297120 , 0.0
06059099310 , 0.0
06059062620 , 0.0
06059088107 , 0.0
06065045108 , 0.0
06065042717 , 0.0
06059032033 , 0.0
06059042106 , 0.0
06037576901 , 0.0
06059099248 , 0.0
06059075512 , 0.0
06065045207 , 0.0
06059063807 , 0.0
06059062642 , 0.0
06059042113 , 0.0
06037294110 , 0.0
06059087901 , 0.0
06059089001 , 0.0
06059063004 , 0.0
06065043218 , 0.0
06059075703 , 0.0
06065043312 , 0.0
06065042710 , 0.0
06059052417 , 0.0
06065045604 , 0.0
06059042107 , 0.0
06037573403 , 0.0
06059110001 , 0.0
06037576902 , 0.0
06059099247 , 0.0
06059063803 , 0.0
06037295101 , 0.0
06059052420 , 0.0
06065042709 , 0.0
06059062629 , 0.0
06059042329 , 0.0
06059042114 , 0.0
06037573201 , 0.0
06059110010 , 0.0
06059099603 , 0.0
06059099203 , 0.0
06059099506 , 0.0
06059099217 , 0.0
06059032034 , 0.0
06059052502 , 0.0
06059099513 , 0.0
06059063101 , 0.0
06065043217 , 0.0
06025012400 , 0.0
06037670411 , 0.0
06037576402 , 0.0
06059099905 , 0.0
06065043004 , 0.0
06059062701 , 0.0
06065043215 , 0.0
06073019002 , 0.0
06037573100 , 0.0
06059088904 , 0.0
06065046000 , 0.0
06059062644 , 0.0
06059062646 , 0.0
06059042108 , 0.0
06059110007 , 0.0
06059075404 , 0.0
06059074701 , 0.0
06037577000 , 0.0
06065043224 , 0.0
06059075605 , 0.0
06059099223 , 0.0
06065045105 , 0.0
06059052423 , 0.0
06059062631 , 0.0
06073019101 , 0.0
06037572700 , 0.0
06059099510 , 0.0
06037297300 , 0.0
06059052526 , 0.0
06059063202 , 0.0
06065046200 , 0.0
06059075901 , 0.0
06037294810 , 0.0
06059075303 , 0.0
06059099702 , 0.0
06059074702 , 0.0
06065045703 , 0.0
06037670301 , 0.0
06037297200 , 0.0
06059074004 , 0.0
06059032055 , 0.0
06059062800 , 0.0
06073020903 , 0.0
06037670413 , 0.0
06059088802 , 0.0
06065045110 , 0.0
06059088301 , 0.0
06065045112 , 0.0
06059099220 , 0.0
06059062641 , 0.0
06073021000 , 0.0
06073018504 , 0.0
06073020306 , 0.0
06073017401 , 0.0
06073008333 , 0.0
06073008360 , 0.0
06073008511 , 0.0
06073016402 , 0.0
06073009603 , 0.0
06073006500 , 9.0
06073007002 , 0.0
06073003105 , 0.0
06073011802 , 0.0
06073013307 , 0.0
06059042103 , 0.0
06073020202 , 0.0
06037599100 , 0.0
06073008339 , 0.0
06073003003 , 0.0
06073002502 , 0.0
06073017031 , 0.0
06073009509 , 0.0
06073014804 , 0.0
06073012003 , 0.0
06073013205 , 0.0
06073018518 , 0.0
06073009400 , 0.0
06073007302 , 0.0
06073003208 , 0.0
06073020010 , 0.0
06073017032 , 0.0
06073008509 , 0.0
06073014803 , 0.0
06073014300 , 0.0
06073003004 , 0.0
06073009902 , 0.0
06025012302 , 0.0
06073018200 , 0.0
06073013204 , 0.0
06025012301 , 0.0
06073015405 , 0.0
06073006000 , 0.0
06073004502 , 0.0
06073016401 , 0.0
06073007200 , 0.0
06073011901 , 0.0
06073010014 , 0.0
06073020017 , 0.0
06025012200 , 0.0
06073018903 , 0.0
06073019702 , 0.0
06073008512 , 0.0
06073015406 , 0.0
06073005600 , 0.0
06073021303 , 0.0
06073013909 , 0.0
06073018904 , 0.0
06073018517 , 0.0
06073008510 , 0.0
06073013308 , 0.0
06073013903 , 0.0
06025012100 , 0.0
06073019701 , 0.0
06073015902 , 0.0
06073010001 , 0.0
06025010100 , 0.0
06073009804 , 0.0
06073003108 , 0.0
06073015404 , 0.0
06073004200 , 0.0
06073010502 , 0.0
06073019903 , 0.0
06073020212 , 0.0
06073008513 , 0.0
06073013908 , 0.0
06025012000 , 0.0
06073021203 , 0.0
06073009704 , 0.0
06073018100 , 0.0
06073004300 , 0.0
06073011300 , 0.0
06073010107 , 0.0
06073018905 , 0.0
06073015301 , 0.0
06073008002 , 0.0
06073013801 , 0.0
06073006200 , 0.0
06073019805 , 0.0
06073020705 , 0.0
06073017014 , 0.0
06073008001 , 0.0
06073009104 , 0.0
06073012002 , 0.0
06073010501 , 0.0
06073018802 , 0.0
06073016802 , 0.0
06073009000 , 0.0
06073000400 , 0.0
06073010200 , 0.0
06073019902 , 0.0
06073020307 , 0.0
06073011801 , 0.0
06073017006 , 0.0
06073007800 , 0.0
06073008901 , 0.0
06073002602 , 0.0
06073019803 , 0.0
06073017007 , 0.0
06073003211 , 0.0
06073018906 , 0.0
06073008305 , 0.0
06073015302 , 0.0
06073013506 , 0.0
06073010110 , 0.0
06073020020 , 0.0
06073008353 , 0.0
06073009102 , 0.0
06073013802 , 0.0
06073011400 , 0.0
06025011700 , 0.0
06073018801 , 0.0
06073019904 , 0.0
06073009101 , 0.0
06073007001 , 0.0
06073017026 , 0.0
06073008312 , 0.0
06073010010 , 0.0
06037599000 , 0.0
06073017801 , 0.0
06073014801 , 0.0
06073003401 , 0.0
06025011202 , 0.0
06073000100 , 0.0
06073010603 , 0.0
06073018803 , 0.0
06073012001 , 0.0
06073010011 , 0.0
06073009303 , 0.0
06073002801 , 0.0
06073002301 , 0.0
06073013906 , 0.0
06073010602 , 0.0
06073018611 , 0.0
06073020709 , 0.0
06073017303 , 0.0
06073003103 , 0.0
06073010003 , 0.0
06073020013 , 0.0
06073000200 , 0.0
06073021304 , 0.0
06073019106 , 0.0
06073017029 , 0.0
06073014200 , 0.0
06073020022 , 0.0
06073017812 , 0.0
06073008346 , 0.0
06073009301 , 0.0
06073004000 , 0.0
06073011700 , 0.0
06073010015 , 0.0
06073017305 , 0.0
06073000600 , 0.0
06073019103 , 0.0
06025010400 , 0.0
06073008701 , 0.0
06073014002 , 0.0
06073019806 , 0.0
06073009106 , 0.0
06073003501 , 0.0
06073003202 , 0.0
06073009201 , 0.0
06073013504 , 0.0
06111003604 , 0.0
06073020602 , 0.0
06073017050 , 0.0
06073002708 , 0.0
06073021302 , 0.0
06073004800 , 0.0
06073003212 , 0.0
06073017306 , 0.0
06073008702 , 0.0
06073018608 , 0.0
06073017034 , 0.0
06073016612 , 0.0
06073013905 , 0.0
06073004700 , 0.0
06073012102 , 0.0
06073019107 , 0.0
06073020706 , 0.0
06073005100 , 0.0
06073010300 , 0.0
06073018610 , 0.0
06025010500 , 0.0
06073015403 , 0.0
06073006801 , 0.0
06073005900 , 0.0
06073012101 , 0.0
06073017900 , 0.0
06073016609 , 0.0
06073002904 , 0.0
06073013606 , 0.0
06025011900 , 0.0
06073013411 , 0.0
06073010401 , 0.0
06073020807 , 0.0
06073010106 , 0.0
06073017811 , 0.0
06073017033 , 0.0
06073005800 , 0.0
06073018612 , 0.0
06025012500 , 0.0
06073015200 , 0.0
06073002707 , 0.0
06073003112 , 0.0
06073012200 , 0.0
06073019807 , 0.0
06073011601 , 0.0
06073010402 , 0.0
06073019207 , 0.0
06073020601 , 0.0
06073008335 , 0.0
06073016608 , 0.0
06073002001 , 0.0
06073013410 , 0.0
06073008341 , 0.0
06073007501 , 0.0
06073020500 , 0.0
06073007600 , 0.0
06073003111 , 0.0
06073011500 , 0.0
06073010104 , 0.0
06073017038 , 0.0
06073002302 , 0.0
06073019303 , 0.0
06073019804 , 0.0
06073009602 , 0.0
06073004400 , 0.0
06073010112 , 0.0
06073020707 , 0.0
06073003302 , 0.0
06073020105 , 0.0
06073008340 , 0.0
06025011500 , 0.0
06073014500 , 0.0
06073007100 , 0.0
06073013417 , 0.0
06073010004 , 0.0
06073018609 , 0.0
06073020014 , 0.0
06073014900 , 0.0
06073011602 , 0.0
06073018000 , 0.0
06073001600 , 0.0
06073013907 , 0.0
06073010111 , 0.0
06073017043 , 0.0
06073016804 , 0.0
06073016302 , 0.0
06073003204 , 0.0
06073019208 , 0.0
06073019905 , 0.0
06073020404 , 0.0
06073005500 , 0.0
06073009901 , 0.0
06073010005 , 0.0
06073018507 , 0.0
06073017044 , 0.0
06073002905 , 0.0
06073002903 , 0.0
06073013419 , 0.0
06073020904 , 0.0
06073017304 , 0.0
06073016301 , 0.0
06073013412 , 0.0
06073020107 , 0.0
06073008315 , 0.0
06073001900 , 0.0
06073001300 , 0.0
06073017808 , 0.0
06073017045 , 0.0
06073016100 , 0.0
06025011803 , 0.0
06073010012 , 0.0
06073019203 , 0.0
06073020304 , 0.0
06073017035 , 0.0
06073008347 , 0.0
06073009107 , 0.0
06073012401 , 0.0
06073018514 , 0.0
06073008313 , 0.0
06073000900 , 0.0
06073003001 , 0.0
06073003301 , 0.0
06073010109 , 0.0
06073020403 , 0.0
06073017040 , 0.0
06073021100 , 0.0
06073008310 , 0.0
06073007903 , 0.0
06073002002 , 0.0
06073013418 , 0.0
06073017809 , 0.0
06073008352 , 0.0
06073008902 , 0.0
06073005700 , 0.0
06073003901 , 0.0
06073010013 , 0.0
06073018607 , 0.0
06073020018 , 0.0
06073020708 , 0.0
06073008327 , 0.0
06073009801 , 0.0
06073002201 , 0.0
06073014102 , 0.0
06073017046 , 0.0
06073008342 , 0.0
06073008501 , 0.0
06073004900 , 0.0
06073013416 , 0.0
06073020015 , 0.0
06073008328 , 0.0
06073009202 , 0.0
06073002202 , 0.0
06073005400 , 0.0
06073010009 , 0.0
06073020106 , 0.0
06073017200 , 0.0
06073008349 , 0.0
06073012303 , 0.0
06073017105 , 0.0
06073009502 , 0.0
06073009706 , 0.0
06073003214 , 0.0
06073018601 , 0.0
06073020021 , 0.0
06073008356 , 0.0
06073006802 , 0.0
06073013413 , 0.0
06073008343 , 0.0
06073008101 , 0.0
06073003101 , 0.0
06073018513 , 0.0
06073020305 , 0.0
06073008355 , 0.0
06025011400 , 0.0
06073014400 , 0.0
06073017018 , 0.0
06073008344 , 0.0
06073016806 , 0.0
06073002803 , 0.0
06073003114 , 0.0
06073020405 , 0.0
06073008348 , 0.0
06073015602 , 0.0
06073012500 , 0.0
06073020023 , 0.0
06025010600 , 0.0
06073016607 , 0.0
06073016605 , 0.0
06073009802 , 0.0
06073007502 , 0.0
06073011100 , 0.0
06073018512 , 0.0
06073020801 , 0.0
06073002804 , 0.0
06073020024 , 0.0
06073017047 , 0.0
06073002703 , 0.0
06073005000 , 0.0
06073019205 , 0.0
06073017601 , 0.0
06073017010 , 0.0
06073016610 , 0.0
06073007901 , 0.0
06073001100 , 0.0
06073013311 , 0.0
06025010200 , 0.0
06073008357 , 0.0
06073016616 , 0.0
06073017810 , 0.0
06073017701 , 0.0
06025010700 , 0.0
06073008307 , 0.0
06073014601 , 0.0
06073007400 , 0.0
06073018510 , 0.0
06073008359 , 0.0
06073016606 , 0.0
06073009703 , 0.0
06073019302 , 0.0
06073020009 , 0.0
06073017009 , 0.0
06073016702 , 0.0
06073012304 , 0.0
06073020401 , 0.0
06073008358 , 0.0
06073008504 , 0.0
06073007904 , 0.0
06073013605 , 0.0
06073006900 , 0.0
06073003115 , 0.0
06073020016 , 0.0
06073016902 , 0.0
06073012402 , 0.0
06073017041 , 0.0
06073019301 , 0.0
06073017022 , 0.0
06073016811 , 0.0
06073008506 , 0.0
06073008600 , 0.0
06073014700 , 0.0
06073013702 , 0.0
06073003113 , 0.0
06073013401 , 0.0
06073020710 , 0.0
06073008336 , 0.0
06073008345 , 0.0
06073008507 , 0.0
06073019206 , 0.0
06073017702 , 0.0
06073017039 , 0.0
06073002401 , 0.0
06073003502 , 0.0
06073013313 , 0.0
06073020808 , 0.0
06073015701 , 0.0
06073002902 , 0.0
06073012302 , 0.0
06073008306 , 0.0
06073003902 , 0.0
06073013415 , 0.0
06073019404 , 0.0
06073008324 , 0.0
06073008311 , 0.0
06073002402 , 0.0
06073013409 , 0.0
06073016810 , 0.0
06025010900 , 0.0
06073015601 , 0.0
06073001000 , 0.0
06073019403 , 0.0
06073020109 , 0.0
06025010800 , 0.0
06073005200 , 0.0
06073011000 , 0.0
06025010300 , 0.0
06073008334 , 0.0
06025011000 , 0.0
06073015501 , 0.0
06073000500 , 0.0
06073006600 , 0.0
06073011200 , 0.0
06073013414 , 0.0
06073019601 , 0.0
06073020208 , 0.0
06073020809 , 0.0
06073017036 , 0.0
06073016202 , 0.0
06073015801 , 0.0
06073013601 , 0.0
06073002601 , 0.0
06073003109 , 0.0
06073020210 , 0.0
06025011100 , 0.0
06073008337 , 0.0
06073009103 , 0.0
06073003303 , 0.0
06073012800 , 0.0
06073020103 , 0.0
06073017806 , 0.0
06073017030 , 0.0
06073021202 , 0.0
06073015502 , 0.0
06073001800 , 0.0
06073002709 , 0.0
06073005300 , 0.0
06073008332 , 0.0
06073021204 , 0.0
06073007700 , 0.0
06073003602 , 0.0
06073010601 , 0.0
06073008351 , 0.0
06073002710 , 0.0
06073003601 , 0.0
06073012700 , 0.0
06073017037 , 0.0
06073002100 , 0.0
06073003213 , 0.0
06073019501 , 0.0
06073017107 , 0.0
06073008350 , 0.0
06073016807 , 0.0
06073000300 , 0.0
06073017604 , 0.0
06073015100 , 0.0
06073010800 , 0.0
06073012600 , 0.0
06073019502 , 0.0
06073017048 , 0.0
06073013701 , 0.0
06073011902 , 0.0
06073015704 , 0.0
06073014602 , 0.0
06073001500 , 0.0
06073017020 , 0.0
06073016615 , 0.0
06073003800 , 0.0
06073018511 , 0.0
06073017049 , 0.0
06073016614 , 0.0
06073015000 , 0.0
06073013604 , 0.0
06073000700 , 0.0
06073013000 , 0.0
06073017603 , 0.0
06073017019 , 0.0
06073016701 , 0.0
06073001400 , 0.0
06073018300 , 0.0
06073009304 , 0.0
06073012900 , 0.0
06073019105 , 0.0
06073009805 , 0.0
06073000800 , 0.0
06073017104 , 0.0
06073013310 , 0.0
06073020025 , 0.0
06073009505 , 0.0
06073009506 , 0.0
06073013503 , 0.0
06073013301 , 0.0
06073018509 , 0.0
06073017108 , 0.0
06073016000 , 0.0
06073020206 , 0.0
06073008338 , 0.0
06073008503 , 0.0
06073013309 , 0.0
06073020806 , 0.0
06073016613 , 0.0
06073015703 , 0.0
06073007301 , 0.0
06073019602 , 0.0
06073008200 , 0.0
06073020302 , 0.0
06073009507 , 0.0
06073013102 , 0.0
06073017015 , 0.0
06073015802 , 0.0
06073013505 , 0.0
06073018516 , 0.0
06073008330 , 0.0
06073016201 , 0.0
06073015901 , 0.0
06073006300 , 0.0
06073013302 , 0.0
06073018603 , 0.0
06073017805 , 0.0
06073020805 , 0.0
06073008329 , 0.0
06073008102 , 0.0
06073009705 , 0.0
06073013104 , 0.0
06073017501 , 0.0
06073018400 , 0.0
06073008301 , 0.0
06073009604 , 0.0
06073020209 , 0.0
06073008303 , 0.0
06073014101 , 0.0
06073013103 , 0.0
06073017502 , 0.0
06025011201 , 0.0
06073010900 , 0.0
06073020211 , 0.0
06073017042 , 0.0
06073008505 , 0.0
06073004600 , 0.0
06073003209 , 0.0
06073013303 , 0.0
06073019503 , 0.0
06073020902 , 0.0
06073016501 , 0.0
06073014001 , 0.0
06073004501 , 0.0
06073017106 , 0.0
06025011600 , 0.0
06073013306 , 0.0
06073019405 , 0.0
06073020019 , 0.0
06073008331 , 0.0
06025011300 , 0.0
06073002501 , 0.0
06073003404 , 0.0
06073003207 , 0.0
06073016901 , 0.0
06073013203 , 0.0
06073019406 , 0.0
06073017403 , 0.0
06073009508 , 0.0
06025011801 , 0.0
06073003403 , 0.0
06073020108 , 0.0
06073008502 , 0.0
06073001200 , 0.0
06073006400 , 0.0
06073003603 , 0.0
06073018519 , 0.0
06073017021 , 0.0
06073008354 , 0.0
06025011802 , 0.0
06073002705 , 0.0
06073004100 , 0.0
06073013206 , 0.0
06073010700 , 0.0
06073020207 , 0.0
06073017404 , 0.0
06073016809 , 0.0
06073008800 , 0.0
06073001700 , 0.0
06073002706 , 0.0
06073018515 , 0.0
06073009504 , 0.0
06073016502 , 0.0
06073003107 , 0.0
06073003201 , 0.0
06073013312 , 0.0
06073002702 , 0.0
06073010103 , 0.0
06073016617 , 0.0
06073006100 , 0.0
06023010600 , 0.0
06063000300 , 0.0
06007002800 , 0.0
06101050102 , 0.0
06061021303 , 0.0
06067007418 , 0.0
06067007415 , 0.0
06113011300 , 0.0
06067008905 , 0.0
06067001100 , 0.0
06067002600 , 0.0
06067004005 , 0.0
06097152903 , 0.0
06067009309 , 0.0
06055200701 , 0.0
06023000600 , 0.0
06103000500 , 0.0
06067007905 , 0.0
06097152201 , 0.0
06067009310 , 1.0
06061021104 , 0.0
06067007419 , 0.0
06067007403 , 0.0
06067004004 , 0.0
06023000200 , 0.0
06007003000 , 0.0
06057000102 , 0.0
06067007906 , 0.0
06067009009 , 0.0
06067005203 , 0.0
06067009312 , 0.0
06041133000 , 0.0
06103000700 , 0.0
06067008502 , 0.0
06067000200 , 0.0
06067005901 , 0.0
06055201400 , 0.0
06067009313 , 0.0
06005000302 , 0.0
06095252309 , 0.0
06023000300 , 0.0
06007003100 , 0.0
06101050202 , 0.0
06055201800 , 0.0
06067005508 , 1.0
06067009610 , 0.0
06103000800 , 0.0
06061020602 , 0.0
06067007421 , 0.0
06067008404 , 1.0
06007003300 , 0.0
06115040300 , 0.0
06067008701 , 0.0
06067000800 , 0.0
06023000700 , 0.0
06007001600 , 0.0
06017031402 , 0.0
06113010902 , 0.0
06097152400 , 0.0
06097151700 , 0.0
06095253202 , 0.0
06045010400 , 0.0
06097154200 , 0.0
06055200703 , 0.0
06007001701 , 0.0
06067008128 , 0.0
06035040200 , 0.0
06007003200 , 0.0
06101050501 , 0.0
06067008127 , 0.0
06067007501 , 0.0
06095252201 , 0.0
06023000400 , 0.0
06097153001 , 0.0
06063000202 , 0.0
06045010700 , 0.0
06097154100 , 0.0
06023010700 , 0.0
06103000900 , 0.0
06101050201 , 0.0
06067008113 , 0.0
06017031503 , 0.0
06097153403 , 0.0
06095253500 , 0.0
06033001300 , 0.0
06067007404 , 0.0
06045010200 , 0.0
06045010500 , 0.0
06011000100 , 0.0
06097154000 , 0.0
06067004801 , 0.0
06097153404 , 0.0
06089011800 , 0.0
06067008207 , 0.0
06067009107 , 0.0
06055201500 , 0.0
06067009608 , 0.0
06055200503 , 0.0
06063000100 , 0.0
06045010801 , 0.0
06115040400 , 0.0
06061020601 , 0.0
06067008124 , 0.0
06067009322 , 0.0
06097153502 , 0.0
06067008134 , 0.0
06097153706 , 0.0
06097150100 , 0.0
06017031404 , 0.0
06067002700 , 0.0
06005000500 , 0.0
06023010800 , 0.0
06103001000 , 0.0
06045011000 , 0.0
06101050302 , 0.0
06017031403 , 0.0
06067007420 , 0.0
06067008122 , 0.0
06067005404 , 0.0
06009000500 , 0.0
06097150500 , 0.0
06095252902 , 0.0
06055200202 , 0.0
06017030901 , 0.0
06097152701 , 0.0
06105000300 , 0.0
06061021105 , 0.0
06067008204 , 0.0
06089011600 , 0.0
06103001100 , 0.0
06061022002 , 0.0
06113010101 , 0.0
06095252904 , 0.0
06055200201 , 0.0
06011000400 , 0.0
06067008203 , 0.0
06067008139 , 0.0
06113010506 , 0.0
06067002400 , 0.0
06067004802 , 0.0
06089012602 , 0.0
06007003500 , 0.0
06061021103 , 0.0
06067001400 , 0.0
06067009406 , 0.0
06055201002 , 0.0
06045010100 , 0.0
06057000103 , 0.0
06017031502 , 0.0
06067008206 , 0.0
06067006702 , 0.0
06067008910 , 0.0
06067009108 , 0.0
06067004009 , 0.0
06097152203 , 0.0
06097150302 , 0.0
06007002400 , 0.0
06055200300 , 0.0
06089011700 , 0.0
06007003400 , 0.0
06113010608 , 0.0
06067009314 , 0.0
06007001400 , 0.0
06057001201 , 0.0
06097154301 , 0.0
06067008501 , 0.0
06067008138 , 0.0
06097152901 , 0.0
06101050503 , 0.0
06067006003 , 0.0
06097153006 , 0.0
06061021106 , 0.0
06067008211 , 0.0
06067009109 , 0.0
06097151309 , 0.0
06077004702 , 0.0
06023010900 , 0.0
06063000201 , 0.0
06101050301 , 0.0
06061021004 , 0.0
06067008125 , 0.0
06067008137 , 0.0
06067007004 , 0.0
06007001702 , 0.0
06057000105 , 0.0
06067008119 , 0.0
06097152801 , 0.0
06097153005 , 0.0
06095253201 , 0.0
06011000500 , 0.0
06101050400 , 0.0
06067002500 , 0.0
06057001202 , 0.0
06061021109 , 0.0
06017030703 , 0.0
06067007602 , 0.0
06067002300 , 0.0
06097151307 , 0.0
06009000210 , 0.0
06007001900 , 0.0
06017031302 , 0.0
06067007423 , 0.0
06097151503 , 0.0
06115041000 , 0.0
06067008702 , 0.0
06097153705 , 0.0
06033000300 , 0.0
06017031301 , 0.0
06067004008 , 0.0
06095253203 , 0.0
06095252705 , 0.0
06095250900 , 0.0
06013302003 , 0.0
06013327000 , 0.0
06041109000 , 0.0
06077000100 , 0.0
06013354002 , 0.0
06041130200 , 0.0
06001401000 , 0.0
06013345202 , 0.0
06001406000 , 0.0
06075017602 , 0.0
06013345108 , 0.0
06075045100 , 0.0
06075032600 , 0.0
06095252704 , 0.0
06013340001 , 0.0
06095251000 , 0.0
06041119200 , 0.0
06001401200 , 0.0
06075045200 , 0.0
06077004600 , 0.0
06041104102 , 0.0
06013304000 , 0.0
06077005003 , 0.0
06013338302 , 0.0
06075060100 , 0.0
06001408800 , 0.0
06095251100 , 0.0
06013305000 , 0.0
06077001900 , 0.0
06013351100 , 0.0
06013346202 , 0.0
06001408000 , 0.0
06075047600 , 0.0
06097150602 , 0.0
06001403400 , 0.0
06095250400 , 0.0
06013307202 , 0.0
06013355305 , 0.0
06001405800 , 0.0
06075022701 , 0.0
06095252502 , 0.0
06013333200 , 0.0
06013334005 , 0.0
06001408300 , 0.0
06075032700 , 0.0
06095250501 , 0.0
06013307205 , 0.0
06077000300 , 0.0
06013383000 , 0.0
06013346102 , 0.0
06075011500 , 0.0
06095252402 , 0.0
06013301000 , 0.0
06001406700 , 0.0
06075047701 , 0.0
06013306002 , 0.0
06041111000 , 0.0
06041124100 , 0.0
06001404600 , 0.0
06075022802 , 0.0
06095250701 , 0.0
06013372000 , 0.0
06001422600 , 0.0
06075017902 , 0.0
06001408200 , 0.0
06077003405 , 0.0
06077003106 , 0.0
06001404100 , 0.0
06077004901 , 0.0
06013345109 , 0.0
06097150701 , 0.0
06095250601 , 0.0
06013390100 , 0.0
06075016200 , 0.0
06013316000 , 0.0
06013364002 , 0.0
06077003801 , 0.0
06095252105 , 0.0
06013338100 , 0.0
06001404501 , 0.0
06001401900 , 0.0
06075035100 , 0.0
06041108100 , 0.0
06013365002 , 0.0
06013348000 , 0.0
06001401700 , 0.0
06001407100 , 0.0
06095250702 , 0.0
06077003309 , 0.0
06001427600 , 0.0
06013335000 , 0.0
06013392000 , 0.0
06075010200 , 0.0
06097150601 , 0.0
06095250603 , 0.0
06077003205 , 0.0
06013337300 , 0.0
06013391000 , 0.0
06001426200 , 0.0
06075030102 , 0.0
06013355304 , 0.0
06013339000 , 0.0
06001402500 , 0.0
06075015400 , 0.0
06075016300 , 0.0
06041132200 , 0.0
06077003310 , 0.0
06013308001 , 0.0
06043000200 , 0.0
06077005123 , 0.0
06001427500 , 0.0
06097150800 , 0.0
06013334003 , 0.0
06001401500 , 0.0
06075011400 , 0.0
06001427200 , 0.0
06041104200 , 0.0
06077003406 , 0.0
06001404000 , 0.0
06001402100 , 0.0
06097150702 , 0.0
06077001800 , 0.0
06013362000 , 0.0
06077005124 , 0.0
06001407900 , 0.0
06077005500 , 0.0
06075022801 , 0.0
06013314104 , 0.0
06013359202 , 0.0
06013373000 , 0.0
06075011300 , 0.0
06075012200 , 0.0
06095252202 , 0.0
06095250502 , 0.0
06013336101 , 0.0
06001422500 , 0.0
06099000102 , 0.0
06077005108 , 0.0
06013326000 , 0.0
06075013100 , 0.0
06039000103 , 0.0
06095252106 , 0.0
06041110200 , 0.0
06013353001 , 0.0
06001401400 , 0.0
06075012600 , 0.0
06075035202 , 0.0
06077004103 , 0.0
06013311000 , 0.0
06013333100 , 0.0
06077000600 , 0.0
06075015500 , 0.0
06095252107 , 0.0
06013355301 , 0.0
06001422400 , 0.0
06001403500 , 0.0
06001406800 , 0.0
06075011000 , 0.0
06075016400 , 0.0
06077005302 , 0.0
06013317000 , 0.0
06077003111 , 0.0
06009000110 , 0.0
06041104101 , 0.0
06013355200 , 0.0
06001402600 , 0.0
06001407800 , 0.0
06099000201 , 0.0
06041118100 , 0.0
06077000800 , 0.0
06001422100 , 0.0
06001401300 , 0.0
06075012700 , 0.0
06075013200 , 0.0
06075042600 , 0.0
06075035201 , 0.0
06041114200 , 0.0
06013336102 , 0.0
06001422300 , 0.0
06095252000 , 0.0
06013307204 , 0.0
06001403100 , 0.0
06077005122 , 0.0
06001408700 , 0.0
06009000220 , 0.0
06013359203 , 0.0
06001422200 , 0.0
06001405900 , 0.0
06075020800 , 0.0
06099000101 , 0.0
06041110100 , 0.0
06001406202 , 0.0
06041101100 , 0.0
06013367200 , 0.0
06041120000 , 0.0
06041129000 , 0.0
06077005128 , 0.0
06109004200 , 0.0
06077003900 , 0.0
06013312000 , 0.0
06077005118 , 0.0
06075047702 , 0.0
06077004800 , 0.0
06041106002 , 0.0
06013308002 , 0.0
06077001102 , 0.0
06077005115 , 0.0
06075042700 , 0.0
06075020700 , 0.0
06077004701 , 0.0
06109005201 , 0.0
06077005126 , 0.0
06075016500 , 0.0
06067009800 , 0.0
06009000120 , 0.0
06013313103 , 0.0
06001422900 , 0.0
06095250102 , 0.0
06013320002 , 0.0
06077001600 , 0.0
06077005125 , 0.0
06075020600 , 0.0
06095252108 , 0.0
06013303100 , 0.0
06013376000 , 0.0
06001404700 , 0.0
06075011200 , 0.0
06077005106 , 0.0
06013302004 , 0.0
06001403900 , 0.0
06077005305 , 0.0
06095252702 , 0.0
06013388000 , 0.0
06095250800 , 0.0
06013313201 , 0.0
06013370000 , 0.0
06013343002 , 0.0
06077005202 , 0.0
06095251804 , 0.0
06013322000 , 0.0
06013371000 , 0.0
06001409700 , 0.0
06077003602 , 0.0
06095251803 , 0.0
06077003112 , 0.0
06041124200 , 0.0
06013309000 , 0.0
06077003203 , 0.0
06077002100 , 0.0
06001407000 , 0.0
06075020500 , 0.0
06041114100 , 0.0
06001401600 , 0.0
06001428200 , 0.0
06001423000 , 0.0
06001403800 , 0.0
06075022901 , 0.0
06075025500 , 0.0
06075060502 , 0.0
06001451402 , 0.0
06001450741 , 0.0
06099001800 , 0.0
06081613501 , 0.0
06081607701 , 0.0
06081610302 , 0.0
06099003907 , 0.0
06047000503 , 0.0
06085504504 , 0.0
06085504315 , 0.0
06085509403 , 0.0
06085505202 , 0.0
06077005303 , 0.0
06075033100 , 0.0
06001437100 , 0.0
06099001700 , 0.0
06099001604 , 0.0
06081608004 , 0.0
06081611600 , 0.0
06085504415 , 0.0
06047000504 , 0.0
06075026303 , 0.0
06099001500 , 0.0
06099003909 , 0.0
06081612100 , 0.0
06085509202 , 0.0
06077005306 , 0.0
06075031000 , 0.0
06081603800 , 0.0
06075026404 , 0.0
06001451503 , 0.0
06001442300 , 0.0
06081613000 , 0.0
06047000505 , 0.0
06085504602 , 0.0
06075033000 , 0.0
06099000504 , 0.0
06081602500 , 0.0
06081609000 , 0.0
06047000200 , 0.0
06081611800 , 0.0
06013345103 , 0.0
06001431100 , 0.0
06081603400 , 0.0
06085509302 , 0.0
06099000505 , 0.0
06001437300 , 0.0
06081607200 , 0.0
06085504410 , 0.0
06075031100 , 0.0
06001450703 , 0.0
06085511606 , 0.0
06013345102 , 0.0
06099000506 , 0.0
06081602300 , 0.0
06081604400 , 0.0
06027000500 , 0.0
06085504505 , 0.0
06027000100 , 0.0
06047000301 , 0.0
06075060900 , 0.0
06001432800 , 0.0
06099002802 , 0.0
06001442400 , 0.0
06001443102 , 0.0
06081611300 , 0.0
06081601300 , 0.0
06099003100 , 0.0
06075023200 , 0.0
06081609200 , 0.0
06081612500 , 0.0
06085504601 , 0.0
06085505006 , 0.0
06099000404 , 0.0
06081604500 , 0.0
06081605800 , 0.0
06081607300 , 0.0
06075060600 , 0.0
06081608200 , 0.0
06001430400 , 0.0
06099000403 , 0.0
06081601601 , 0.0
06001440301 , 0.0
06001443101 , 0.0
06099000304 , 0.0
06001441901 , 0.0
06081609500 , 0.0
06099000507 , 0.0
06085504422 , 0.0
06099000303 , 0.0
06001433600 , 0.0
06081608900 , 0.0
06081611200 , 0.0
06001442200 , 0.0
06047000400 , 0.0
06085509105 , 0.0
06075025600 , 0.0
06001433300 , 0.0
06001433500 , 0.0
06081613700 , 0.0
06081603200 , 0.0
06001442000 , 0.0
06001433700 , 0.0
06001444600 , 0.0
06085504311 , 0.0
06001432700 , 0.0
06001430700 , 0.0
06099000807 , 0.0
06081604600 , 0.0
06081606100 , 0.0
06075033201 , 0.0
06099002400 , 0.0
06081608800 , 0.0
06027000200 , 0.0
06001433800 , 0.0
06099000806 , 0.0
06001436500 , 0.0
06001441601 , 0.0
06085504506 , 0.0
06085510200 , 0.0
06001410200 , 0.0
06099000801 , 0.0
06099000905 , 0.0
06081606300 , 0.0
06099003908 , 0.0
06099003906 , 0.0
06085504421 , 0.0
06085509802 , 0.0
06075030400 , 0.0
06081600900 , 0.0
06099002501 , 0.0
06099003602 , 0.0
06085509106 , 0.0
06099000907 , 0.0
06099002901 , 0.0
06001443200 , 0.0
06047001901 , 0.0
06085504901 , 0.0
06001450200 , 0.0
06001451502 , 0.0
06085510400 , 0.0
06085509107 , 0.0
06001430200 , 0.0
06099000912 , 0.0
06099001001 , 0.0
06099003905 , 0.0
06075023300 , 0.0
06099002604 , 0.0
06081607900 , 0.0
06001442800 , 0.0
06081613300 , 0.0
06085511701 , 0.0
06077005205 , 0.0
06081608600 , 0.0
06081609400 , 0.0
06085511200 , 0.0
06085510300 , 0.0
06081600100 , 0.0
06001450604 , 0.0
06099000602 , 0.0
06099002603 , 0.0
06099003904 , 0.0
06085509304 , 0.0
06085504321 , 0.0
06075021400 , 0.0
06099002605 , 0.0
06081606900 , 0.0
06081612600 , 0.0
06099000908 , 0.0
06081608502 , 0.0
06081610100 , 0.0
06075035300 , 0.0
06001440331 , 0.0
06081606400 , 0.0
06081607100 , 0.0
06081610202 , 0.0
06085510700 , 0.0
06085509500 , 0.0
06085504319 , 0.0
06001440100 , 0.0
06081607000 , 0.0
06001435500 , 0.0
06001450607 , 0.0
06081604102 , 0.0
06081603300 , 0.0
06081607702 , 0.0
06085504416 , 0.0
06001432600 , 0.0
06081600700 , 0.0
06081607800 , 0.0
06081606800 , 0.0
06085511100 , 0.0
06085504307 , 0.0
06085503804 , 0.0
06075021300 , 0.0
06081601400 , 0.0
06085510803 , 0.0
06001410300 , 0.0
06099002502 , 0.0
06081605700 , 0.0
06099003801 , 0.0
06081613200 , 0.0
06085508601 , 0.0
06001432400 , 0.0
06085511300 , 0.0
06085504806 , 0.0
06001409400 , 0.0
06081600200 , 0.0
06001431200 , 0.0
06043000100 , 0.0
06027000400 , 0.0
06001441800 , 0.0
06081613800 , 0.0
06085509000 , 0.0
06075035400 , 0.0
06081600400 , 0.0
06001440200 , 0.0
06081608700 , 0.0
06001435600 , 0.0
06099001002 , 0.0
06001437700 , 0.0
06081608100 , 0.0
06081609300 , 0.0
06027000300 , 0.0
06075025100 , 0.0
06099002002 , 0.0
06081604800 , 0.0
06081610304 , 0.0
06085509109 , 0.0
06085503900 , 0.0
06081600300 , 0.0
06001441602 , 0.0
06081609603 , 0.0
06075021600 , 0.0
06001441100 , 0.0
06001433102 , 0.0
06001451601 , 0.0
06099001601 , 0.0
06075025200 , 0.0
06001440309 , 0.0
06001441302 , 0.0
06001443302 , 0.0
06081612700 , 0.0
06085508602 , 0.0
06001433900 , 0.0
06001435300 , 0.0
06001437600 , 0.0
06085504417 , 0.0
06075026002 , 0.0
06085503312 , 0.0
06075025300 , 0.0
06001435700 , 0.0
06081602800 , 0.0
06081603700 , 0.0
06081608300 , 0.0
06099003803 , 0.0
06047000303 , 0.0
06099000508 , 0.0
06081600800 , 0.0
06081604700 , 0.0
06085504201 , 0.0
06075021500 , 0.0
06001435800 , 0.0
06099000906 , 0.0
06081605000 , 0.0
06001444100 , 0.0
06081610000 , 0.0
06001450500 , 0.0
06081603600 , 0.0
06085509600 , 0.0
06081609602 , 0.0
06001428302 , 0.0
06081600500 , 0.0
06099000803 , 0.0
06001436700 , 0.0
06099003202 , 0.0
06081602100 , 0.0
06099002100 , 0.0
06081604900 , 0.0
06081606500 , 0.0
06075025900 , 0.0
06085508900 , 0.0
06001435900 , 0.0
06001436601 , 0.0
06001440302 , 0.0
06081606600 , 0.0
06001442900 , 0.0
06099003802 , 0.0
06001428301 , 0.0
06001430800 , 0.0
06047000903 , 0.0
06047001801 , 0.0
06085503401 , 0.0
06085503103 , 0.0
06085502602 , 0.0
06085512033 , 0.0
06039000507 , 0.0
06087122500 , 0.0
06019005509 , 0.0
06019004800 , 0.0
06019002602 , 0.0
06053001800 , 0.0
06019007201 , 0.0
06107002002 , 0.0
06031001602 , 0.0
06029005104 , 0.0
06085500100 , 0.0
06039000400 , 0.0
06019005514 , 0.0
06019005202 , 0.0
06019001404 , 0.0
06053011600 , 0.0
06107004102 , 0.0
06079012503 , 0.0
06085503110 , 0.0
06085506801 , 0.0
06085512307 , 0.0
06039000602 , 0.0
06107002008 , 0.0
06107003901 , 0.0
06019005513 , 0.0
06019005201 , 0.0
06019001301 , 0.0
06107001800 , 0.0
06079012800 , 0.0
06085503319 , 0.0
06087122202 , 0.0
06019005510 , 0.0
06019001600 , 0.0
06029005503 , 0.0
06085503707 , 0.0
06085502906 , 0.0
06087120301 , 0.0
06039000700 , 0.0
06107001701 , 0.0
06107004000 , 0.0
06029000101 , 0.0
06085506502 , 0.0
06019001405 , 0.0
06019006900 , 0.0
06053011800 , 0.0
06107004200 , 0.0
06085503313 , 0.0
06085507206 , 0.0
06019005512 , 0.0
06019005100 , 0.0
06053001600 , 0.0
06085504002 , 0.0
06085503113 , 0.0
06085512029 , 0.0
06087120900 , 0.0
06107002009 , 0.0
06107004500 , 0.0
06085500500 , 0.0
06039000900 , 0.0
06019004406 , 0.0
06107000402 , 0.0
06085506204 , 0.0
06019004900 , 0.0
06031001100 , 0.0
06085501100 , 0.0
06085506802 , 0.0
06019000400 , 0.0
06107004300 , 0.0
06079010500 , 0.0
06085503323 , 0.0
06107000201 , 0.0
06085500800 , 0.0
06087122203 , 0.0
06019004206 , 0.0
06019005803 , 0.0
06053001400 , 0.0
06031001003 , 0.0
06085506101 , 0.0
06085506503 , 0.0
06085512014 , 0.0
06047002202 , 0.0
06019001406 , 0.0
06107004400 , 0.0
06085500200 , 0.0
06087101000 , 0.0
06019004207 , 0.0
06053000900 , 0.0
06031000405 , 0.0
06029006004 , 0.0
06085503402 , 0.0
06107000502 , 0.0
06029000910 , 0.0
06085506606 , 0.0
06085506803 , 0.0
06019004100 , 0.0
06019006000 , 0.0
06107000501 , 0.0
06071010300 , 0.0
06047002302 , 0.0
06019008301 , 0.0
06019004703 , 0.0
06053014101 , 0.0
06031000404 , 0.0
06047001902 , 0.0
06047001700 , 0.0
06087121600 , 0.0
06047002000 , 0.0
06085512016 , 0.0
06069000600 , 0.0
06053010302 , 0.0
06019006200 , 0.0
06053011102 , 0.0
06029003803 , 0.0
06085507401 , 0.0
06053012301 , 0.0
06107001901 , 0.0
06029003804 , 0.0
06039000506 , 0.0
06087123100 , 0.0
06019005904 , 0.0
06053001200 , 0.0
06087121500 , 0.0
06019003805 , 0.0
06107001902 , 0.0
06029000503 , 0.0
06085508102 , 0.0
06085507600 , 0.0
06085512015 , 0.0
06019005602 , 0.0
06053010503 , 0.0
06053001500 , 0.0
06053011000 , 0.0
06085503508 , 0.0
06085512401 , 0.0
06107002003 , 0.0
06029000102 , 0.0
06039000800 , 0.0
06019004704 , 0.0
06029005300 , 0.0
06029003805 , 0.0
06085503217 , 0.0
06085511901 , 0.0
06087120302 , 0.0
06019005605 , 0.0
06019001700 , 0.0
06019007202 , 0.0
06029005201 , 1.0
06085501400 , 0.0
06087121100 , 0.0
06019005606 , 0.0
06107001704 , 0.0
06029000504 , 0.0
06087121200 , 0.0
06019003804 , 0.0
06019008200 , 0.0
06053001100 , 0.0
06107000600 , 0.0
06107002004 , 0.0
06085507402 , 0.0
06087100900 , 0.0
06019005407 , 0.0
06029005501 , 0.0
06029000200 , 0.0
06085503702 , 0.0
06085503211 , 0.0
06085502910 , 0.0
06019003500 , 0.0
06107001602 , 0.0
06085503001 , 0.0
06085512602 , 0.0
06087101100 , 0.0
06019005701 , 0.0
06107000302 , 0.0
06085508101 , 0.0
06085512028 , 0.0
06019000300 , 0.0
06019006500 , 0.0
06071008901 , 0.0
06085502101 , 0.0
06085506604 , 0.0
06019005702 , 0.0
06019003400 , 0.0
06019007400 , 0.0
06107001601 , 0.0
06079010800 , 0.0
06029003806 , 0.0
06085508403 , 0.0
06087101200 , 0.0
06053014302 , 0.0
06053010900 , 0.0
06079010000 , 0.0
06029000400 , 0.0
06047001002 , 0.0
06085507100 , 0.0
06019004504 , 0.0
06019007700 , 0.0
06019003300 , 0.0
06053000104 , 0.0
06107000202 , 0.0
06107001501 , 0.0
06029000300 , 0.0
06085506304 , 0.0
06085502903 , 0.0
06085512032 , 0.0
06087122002 , 0.0
06087122300 , 0.0
06053010801 , 0.0
06031000100 , 0.0
06079010300 , 0.0
06047000801 , 0.0
06019001302 , 0.0
06053011400 , 0.0
06029000800 , 0.0
06047000602 , 0.0
06047001200 , 0.0
06047002201 , 0.0
06087122400 , 0.0
06019005406 , 0.0
06107000900 , 0.0
06047001602 , 0.0
06019003201 , 0.0
06107002007 , 0.0
06029000902 , 0.0
06085505600 , 0.0
06029004602 , 0.0
06085501600 , 0.0
06085502102 , 0.0
06085503208 , 0.0
06087122001 , 0.0
06019004302 , 0.0
06019003600 , 0.0
06019000900 , 0.0
06053012402 , 0.0
06107000800 , 0.0
06107002100 , 0.0
06029000505 , 0.0
06085503510 , 0.0
06085506804 , 0.0
06039000502 , 0.0
06107001502 , 0.0
06085506603 , 0.0
06019004209 , 0.0
06019003700 , 0.0
06019006801 , 0.0
06029000903 , 0.0
06085511911 , 0.0
06027000700 , 0.0
06019001201 , 0.0
06085505203 , 0.0
06085503326 , 0.0
06085506302 , 0.0
06087120500 , 0.0
06047002301 , 0.0
06053011500 , 0.0
06107002500 , 0.0
06029004902 , 0.0
06029000507 , 0.0
06085507001 , 0.0
06087110700 , 0.0
06053011201 , 0.0
06085503105 , 0.0
06087120700 , 0.0
06019004210 , 0.0
06019002000 , 0.0
06019001100 , 0.0
06107002400 , 0.0
06085503509 , 0.0
06085500902 , 0.0
06085502400 , 0.0
06085502902 , 0.0
06087110600 , 0.0
06019004503 , 0.0
06019006802 , 0.0
06029004500 , 0.0
06047000701 , 0.0
06085507806 , 0.0
06087120800 , 0.0
06019004211 , 0.0
06053010400 , 0.0
06019000800 , 0.0
06053010701 , 0.0
06085507807 , 0.0
06085512034 , 0.0
06019001202 , 0.0
06053011101 , 0.0
06029004901 , 0.0
06085500300 , 0.0
06085507702 , 0.0
06085503002 , 0.0
06087110502 , 0.0
06053010304 , 0.0
06031001601 , 0.0
06085507703 , 0.0
06085511913 , 0.0
06085512503 , 0.0
06019003202 , 0.0
06053000103 , 0.0
06053012401 , 0.0
06085506702 , 0.0
06053010305 , 0.0
06053012302 , 0.0
06107000701 , 0.0
06107002303 , 0.0
06029004800 , 0.0
06085503327 , 0.0
06085512100 , 0.0
06019005503 , 0.0
06053000102 , 0.0
06053013900 , 0.0
06019007900 , 0.0
06029000908 , 0.0
06085503602 , 1.0
06085507701 , 1.0
06019008402 , 0.0
06019005405 , 0.0
06019003806 , 0.0
06053012200 , 0.0
06085502201 , 38.0
06085503218 , 0.0
06085512506 , 0.0
06087110200 , 0.0
06053012100 , 0.0
06019007800 , 0.0
06107002302 , 0.0
06085503703 , 0.0
06019005408 , 0.0
06053012500 , 0.0
06029005000 , 0.0
06029000700 , 1.0
06085503116 , 0.0
06085512030 , 0.0
06019003900 , 0.0
06019002400 , 0.0
06053010603 , 0.0
06107002201 , 0.0
06085501200 , 1.0
06099003500 , 0.0
06047001301 , 10.0
06085512505 , 0.0
06029000600 , 0.0
06085502901 , 0.0
06085512031 , 0.0
06087110100 , 0.0
06019003001 , 0.0
06053011900 , 3.0
06047000702 , 0.0
06019005704 , 0.0
06053000300 , 0.0
06085506900 , 0.0
06039000503 , 0.0
06019002800 , 0.0
06053013700 , 0.0
06107002601 , 0.0
06029005202 , 33.0
06085505700 , 14.0
06085503106 , 0.0
06047001501 , 0.0
06085503108 , 0.0
06087110501 , 0.0
06053000200 , 0.0
06107000702 , 0.0
06019005404 , 0.0
06107002602 , 24.0
06029001000 , 0.0
06047000901 , 0.0
06087121300 , 0.0
06019002501 , 0.0
06053013800 , 0.0
06031000200 , 0.0
06085505402 , 0.0
06085502701 , 0.0
06085511914 , 0.0
06107001400 , 0.0
06085505500 , 2.0
06029003808 , 0.0
06029002301 , 0.0
06029006401 , 0.0
06083002011 , 0.0
06037900703 , 0.0
06037910707 , 0.0
06111000301 , 0.0
06037920023 , 0.0
06071010900 , 0.0
06111008101 , 0.0
06037119100 , 0.0
06037119400 , 0.0
06037115402 , 0.0
06037120030 , 0.0
06037123410 , 0.0
06037135112 , 0.0
06037910205 , 0.0
06037920036 , 0.0
06111008202 , 0.0
06037113212 , 0.0
06037119310 , 0.0
06111005403 , 0.0
06037127400 , 0.0
06037127910 , 0.0
06037135203 , 0.0
06037910710 , 0.0
06111001002 , 0.0
06071010405 , 0.0
06037920035 , 0.0
06111002400 , 0.0
06111008005 , 0.0
06037121210 , 0.0
06111003002 , 0.0
06037127920 , 0.0
06029003813 , 0.0
06079011102 , 0.0
06037109601 , 0.0
06037461100 , 0.0
06079010702 , 0.0
06071009300 , 0.0
06037106603 , 0.0
06111005203 , 0.0
06037127300 , 0.0
06037132100 , 0.0
06071009400 , 0.0
06111001001 , 0.0
06083001302 , 0.0
06111008302 , 0.0
06037104620 , 0.0
06037311000 , 0.0
06083002805 , 0.0
06071009716 , 0.0
06037920108 , 0.0
06111001900 , 0.0
06037102102 , 0.0
06111006100 , 0.0
06037127710 , 0.0
06029001901 , 0.0
06079012302 , 0.0
06083002603 , 0.0
06037900504 , 0.0
06037920111 , 0.0
06037119200 , 0.0
06111006301 , 0.0
06037134901 , 0.0
06037104105 , 0.0
06037310701 , 0.0
06029002302 , 0.0
06079011103 , 0.0
06071009714 , 0.0
06037920018 , 0.0
06037920039 , 0.0
06037101110 , 0.0
06037115401 , 0.0
06037123420 , 0.0
06029002200 , 0.0
06037901006 , 0.0
06071009713 , 0.0
06037920019 , 0.0
06071010018 , 0.0
06111001700 , 0.0
06037460600 , 0.0
06111003607 , 0.0
06037109100 , 0.0
06111005001 , 0.0
06037127601 , 0.0
06029006402 , 0.0
06037920041 , 0.0
06037106111 , 0.0
06071940100 , 0.0
06111007504 , 0.0
06037117530 , 0.0
06029001902 , 0.0
06071009800 , 0.0
06111000800 , 0.0
06037104320 , 0.0
06111007000 , 0.0
06111000100 , 0.0
06071009707 , 0.0
06037106510 , 0.0
06037127801 , 0.0
06029002100 , 0.0
06071011800 , 0.0
06037900705 , 0.0
06037910709 , 0.0
06083000102 , 0.0
06037113422 , 0.0
06079011600 , 0.0
06071009715 , 0.0
06037106402 , 0.0
06111001601 , 0.0
06037121100 , 0.0
06071010414 , 0.0
06037301400 , 0.0
06029002000 , 0.0
06037900704 , 0.0
06071010017 , 0.0
06111002600 , 0.0
06071012000 , 0.0
06037901101 , 0.0
06037910807 , 0.0
06111007508 , 0.0
06037123510 , 0.0
06037124201 , 0.0
06079011501 , 0.0
06083001000 , 0.0
06037106010 , 0.0
06037111201 , 0.0
06029001801 , 0.0
06029006301 , 0.0
06037901102 , 0.0
06071009717 , 0.0
06111001401 , 0.0
06111005303 , 0.0
06111006302 , 0.0
06037132300 , 0.0
06037123700 , 0.0
06083000502 , 0.0
06037106020 , 0.0
06037121020 , 0.0
06029005505 , 0.0
06083002802 , 0.0
06037910708 , 0.0
06071010019 , 0.0
06037111100 , 0.0
06037121800 , 0.0
06037123800 , 0.0
06029002806 , 0.0
06071009903 , 0.0
06037134104 , 0.0
06037132000 , 0.0
06083002013 , 0.0
06083002913 , 0.0
06083001101 , 0.0
06037106112 , 0.0
06071010700 , 0.0
06037109200 , 0.0
06111001507 , 0.0
06111006200 , 0.0
06037124101 , 0.0
06029006302 , 0.0
06037920104 , 0.0
06083000101 , 0.0
06037920328 , 0.0
06037121900 , 0.0
06037132500 , 0.0
06071009500 , 0.0
06083001903 , 0.0
06037920314 , 0.0
06037106602 , 0.0
06037109500 , 0.0
06037104500 , 0.0
06111005404 , 0.0
06037134306 , 0.0
06029003203 , 0.0
06037910902 , 0.0
06037920030 , 0.0
06111008304 , 0.0
06037122110 , 0.0
06029003204 , 0.0
06037910901 , 0.0
06083002914 , 0.0
06037103400 , 0.0
06037115202 , 0.0
06037460502 , 0.0
06037123900 , 0.0
06029002807 , 0.0
06029003303 , 0.0
06083002012 , 0.0
06083002806 , 0.0
06111000903 , 0.0
06111002300 , 0.0
06037104106 , 0.0
06037133000 , 0.0
06079011700 , 0.0
06037901207 , 0.0
06037920034 , 0.0
06071010020 , 0.0
06111004900 , 0.0
06037127210 , 0.0
06029002804 , 0.0
06029005800 , 0.0
06037910100 , 0.0
06037920017 , 0.0
06037111203 , 0.0
06037101300 , 0.0
06037134800 , 0.0
06037133100 , 0.0
06029002812 , 0.0
06083000103 , 0.0
06037106520 , 0.0
06037920110 , 0.0
06083001102 , 0.0
06111005201 , 0.0
06111003700 , 0.0
06029003400 , 0.0
06037910805 , 0.0
06111001602 , 0.0
06071004504 , 0.0
06037134520 , 0.0
06029002811 , 0.0
06111001201 , 0.0
06037113211 , 0.0
06037119320 , 0.0
06029002400 , 0.0
06071010500 , 0.0
06083002008 , 0.0
06083002906 , 0.0
06037920037 , 0.0
06037132900 , 0.0
06029002700 , 0.0
06029006003 , 0.0
06083002907 , 0.0
06037106404 , 0.0
06037104401 , 0.0
06111007507 , 0.0
06037119330 , 0.0
06037460200 , 0.0
06111005800 , 0.0
06037920013 , 0.0
06111003800 , 0.0
06029003500 , 0.0
06083002010 , 0.0
06071010004 , 0.0
06037920329 , 0.0
06037106113 , 0.0
06111007608 , 0.0
06029002600 , 0.0
06037920040 , 0.0
06037111302 , 0.0
06111003001 , 0.0
06037122120 , 0.0
06071012100 , 0.0
06111000902 , 0.0
06111007606 , 0.0
06111005502 , 0.0
06111006000 , 0.0
06029002500 , 0.0
06079011800 , 0.0
06037910806 , 0.0
06083000802 , 0.0
06037106604 , 0.0
06111002901 , 0.0
06037134422 , 0.0
06111003900 , 0.0
06071009106 , 0.0
06071010014 , 0.0
06111002700 , 0.0
06037109800 , 0.0
06111006600 , 0.0
06037113421 , 0.0
06037127102 , 0.0
06029006100 , 0.0
06071010015 , 0.0
06037106403 , 0.0
06071010403 , 0.0
06037461000 , 0.0
06037310900 , 0.0
06029002813 , 0.0
06111002800 , 0.0
06037113322 , 0.0
06037460700 , 0.0
06083002009 , 0.0
06037901007 , 0.0
06071010016 , 0.0
06071010021 , 0.0
06037106114 , 0.0
06029002808 , 0.0
06029003600 , 0.0
06083002706 , 0.0
06071009105 , 0.0
06037113321 , 0.0
06037310600 , 0.0
06037310702 , 0.0
06083002005 , 0.0
06037920028 , 0.0
06037134401 , 0.0
06037134421 , 0.0
06079012100 , 0.0
06083000600 , 0.0
06037920043 , 0.0
06111002200 , 0.0
06083001901 , 0.0
06083002705 , 0.0
06083002902 , 0.0
06037113213 , 0.0
06037119800 , 0.0
06037127101 , 0.0
06029002818 , 0.0
06111005600 , 0.0
06037123205 , 0.0
06079012000 , 0.0
06083002703 , 0.0
06071009902 , 0.0
06071010013 , 0.0
06083002912 , 0.0
06037107010 , 0.0
06037113301 , 0.0
06037310200 , 0.0
06029002814 , 0.0
06083001905 , 0.0
06037300400 , 0.0
06111006800 , 0.0
06037139301 , 0.0
06037910000 , 0.0
06037320100 , 0.0
06029003000 , 0.0
06071011600 , 0.0
06037920113 , 0.0
06083002911 , 0.0
06037127220 , 0.0
06037300901 , 0.0
06079011902 , 0.0
06111005401 , 0.0
06037135111 , 0.0
06029002900 , 0.0
06071011700 , 0.0
06037920327 , 0.0
06071010022 , 0.0
06037108200 , 0.0
06111005306 , 0.0
06037123301 , 0.0
06037123104 , 0.0
06037900102 , 0.0
06083002702 , 0.0
06037104810 , 0.0
06037135102 , 0.0
06079011901 , 0.0
06037900200 , 0.0
06083001601 , 0.0
06037106641 , 0.0
06037121220 , 0.0
06037122410 , 0.0
06037123601 , 0.0
06029006202 , 0.0
06029006002 , 0.0
06037900900 , 0.0
06071009107 , 0.0
06037920112 , 0.0
06037107020 , 0.0
06111001402 , 0.0
06037123206 , 0.0
06037300200 , 0.0
06037123020 , 0.0
06037123602 , 0.0
06029002816 , 0.0
06079012200 , 0.0
06037901203 , 0.0
06037910202 , 0.0
06083003005 , 0.0
06083001204 , 0.0
06111007903 , 0.0
06037310100 , 0.0
06111003402 , 0.0
06037900300 , 0.0
06071009711 , 0.0
06111002000 , 0.0
06111007800 , 0.0
06037122420 , 0.0
06037128220 , 0.0
06083002808 , 0.0
06083001203 , 0.0
06037104107 , 0.0
06037460400 , 0.0
06079010701 , 0.0
06083002909 , 0.0
06037920330 , 0.0
06037106643 , 0.0
06111001503 , 0.0
06037113231 , 0.0
06037123010 , 0.0
06111003603 , 0.0
06037128210 , 0.0
06083001800 , 0.0
06111001302 , 0.0
06037400500 , 0.0
06037800324 , 0.0
06037463200 , 0.0
06071002301 , 0.0
06037404402 , 0.0
06071001100 , 0.0
06037301300 , 0.0
06071002002 , 0.0
06071004800 , 0.0
06037201700 , 0.0
06037460900 , 0.0
06037302103 , 0.0
06071005800 , 0.0
06037201120 , 0.0
06037432300 , 0.0
06037402702 , 0.0
06037262200 , 0.0
06037405001 , 0.0
06037197600 , 0.0
06037141100 , 0.0
06071004201 , 0.0
06037206010 , 0.0
06037433200 , 0.0
06037463700 , 0.0
06037183300 , 0.0
06037480804 , 0.0
06037208300 , 0.0
06037310800 , 0.0
06037400205 , 0.0
06037480703 , 0.0
06071004402 , 0.0
06071001000 , 0.0
06037404701 , 0.0
06037430001 , 0.0
06111004703 , 0.0
06071004700 , 0.0
06037183101 , 0.0
06071006500 , 0.0
06037402302 , 0.0
06037480704 , 0.0
06037191110 , 0.0
06037404703 , 0.0
06111004102 , 0.0
06071005100 , 0.0
06037463400 , 0.0
06037480002 , 0.0
06037195710 , 0.0
06071006100 , 0.0
06071004202 , 0.0
06037480202 , 0.0
06037190901 , 0.0
06037432402 , 0.0
06111007403 , 0.0
06111004400 , 0.0
06037431700 , 0.0
06037431600 , 0.0
06071007700 , 0.0
06071000202 , 0.0
06037481602 , 0.0
06071006800 , 0.0
06037800202 , 0.0
06037400401 , 0.0
06071004401 , 0.0
06037190902 , 0.0
06037199800 , 0.0
06037208710 , 0.0
06037430200 , 0.0
06037431900 , 0.0
06037195900 , 0.0
06111005909 , 0.0
06111004101 , 0.0
06037139802 , 0.0
06037181300 , 0.0
06037401101 , 0.0
06037430724 , 0.0
06071003700 , 0.0
06037700200 , 0.0
06037265305 , 0.0
06037185100 , 0.0
06037199201 , 0.0
06037208620 , 0.0
06071008706 , 0.0
06071004601 , 0.0
06037125400 , 0.0
06037463500 , 0.0
06037401201 , 0.0
06071003900 , 0.0
06037461700 , 0.0
06037311600 , 0.0
06037401102 , 0.0
06037189902 , 0.0
06037405300 , 0.0
06037195802 , 0.0
06037199700 , 0.0
06037139400 , 0.0
06037262400 , 0.0
06037194200 , 0.0
06037405900 , 0.0
06037192620 , 0.0
06037433302 , 0.0
06111005908 , 0.0
06071003800 , 0.0
06037402401 , 0.0
06037208000 , 0.0
06037310703 , 0.0
06037301701 , 0.0
06037261101 , 0.0
06037403802 , 0.0
06037190800 , 0.0
06037191820 , 0.0
06037404802 , 0.0
06037125500 , 0.0
06037401602 , 0.0
06037405201 , 0.0
06037265700 , 0.0
06071005500 , 0.0
06071001301 , 0.0
06037199120 , 0.0
06111005911 , 0.0
06037403801 , 0.0
06037402301 , 0.0
06037701100 , 0.0
06037128910 , 0.0
06037480201 , 0.0
06037201200 , 0.0
06037265301 , 0.0
06037137302 , 0.0
06037700300 , 0.0
06071007200 , 0.0
06071002003 , 0.0
06037463600 , 0.0
06071003502 , 0.0
06071007408 , 0.0
06037404501 , 0.0
06037401500 , 0.0
06037433100 , 0.0
06111007100 , 0.0
06037137501 , 0.0
06037404502 , 0.0
06037432902 , 0.0
06037189300 , 0.0
06037401302 , 0.0
06071003000 , 0.0
06037405500 , 0.0
06071002100 , 0.0
06037183102 , 0.0
06037461500 , 0.0
06037301202 , 0.0
06071003501 , 0.0
06071002402 , 0.0
06037434002 , 0.0
06037532303 , 0.0
06037267300 , 0.0
06037205110 , 0.0
06037228310 , 0.0
06065043805 , 0.0
06037533401 , 0.0
06037482800 , 0.0
06071000109 , 0.0
06037501801 , 0.0
06037264101 , 0.0
06037482402 , 0.0
06037403321 , 0.0
06037702202 , 0.0
06037702600 , 0.0
06037216700 , 0.0
06037234600 , 0.0
06037267501 , 0.0
06037531102 , 0.0
06037500600 , 0.0
06037406900 , 0.0
06037482503 , 0.0
06037207300 , 0.0
06037408002 , 0.0
06037531101 , 0.0
06037226410 , 0.0
06037228720 , 0.0
06037275520 , 0.0
06037237300 , 0.0
06037408627 , 0.0
06037501000 , 0.0
06037482502 , 0.0
06037206050 , 0.0
06037408134 , 0.0
06037532001 , 0.0
06037228800 , 0.0
06037500201 , 0.0
06037203900 , 0.0
06065040602 , 0.0
06037204820 , 0.0
06037237600 , 0.0
06037208800 , 0.0
06037407002 , 0.0
06037701201 , 0.0
06037531604 , 0.0
06037702700 , 0.0
06037221710 , 0.0
06037228710 , 0.0
06037232700 , 0.0
06037276601 , 0.0
06037203720 , 0.0
06037220100 , 0.0
06037501501 , 0.0
06037502401 , 0.0
06037212100 , 0.0
06037221600 , 0.0
06071008708 , 0.0
06037408102 , 0.0
06037231900 , 0.0
06037275400 , 0.0
06037239500 , 0.0
06037204410 , 0.0
06037237400 , 0.0
06037207400 , 0.0
06037269300 , 0.0
06037408132 , 0.0
06037232600 , 0.0
06037218600 , 0.0
06065040503 , 0.0
06037232120 , 0.0
06037535000 , 0.0
06037262701 , 0.0
06037228210 , 0.0
06037402501 , 0.0
06037221220 , 0.0
06037530302 , 0.0
06037232400 , 0.0
06037501600 , 0.0
06037276100 , 0.0
06037211802 , 0.0
06037203800 , 0.0
06037408211 , 0.0
06037221500 , 0.0
06037271600 , 0.0
06065030503 , 0.0
06037534900 , 0.0
06071007108 , 0.0
06037433902 , 0.0
06037209820 , 0.0
06037500300 , 0.0
06037701802 , 0.0
06037232200 , 0.0
06037262702 , 0.0
06037232110 , 0.0
06037228900 , 0.0
06065042202 , 0.0
06037197700 , 0.0
06037530802 , 0.0
06037221400 , 0.0
06037234500 , 0.0
06037534803 , 0.0
06037408302 , 0.0
06037226420 , 0.0
06071001900 , 0.0
06037229100 , 0.0
06037209200 , 0.0
06037218800 , 0.0
06037239600 , 0.0
06037402402 , 0.0
06071007105 , 0.0
06037218700 , 0.0
06037530301 , 0.0
06037275100 , 0.0
06037533403 , 0.0
06037269500 , 0.0
06037531603 , 0.0
06037205120 , 0.0
06065042210 , 0.0
06037530003 , 0.0
06065040202 , 0.0
06037500100 , 0.0
06037206040 , 0.0
06037408402 , 0.0
06037272200 , 0.0
06037274100 , 0.0
06037408706 , 0.0
06037407302 , 0.0
06037482522 , 0.0
06037533701 , 0.0
06037277000 , 0.0
06037237710 , 0.0
06071007104 , 0.0
06093000400 , 0.0
06007000101 , 0.0
06115040800 , 0.0
06061021003 , 0.0
06067008913 , 0.0
06097152000 , 0.0
06093000300 , 0.0
06067008143 , 0.0
06067007204 , 0.0
06011000300 , 0.0
06033000400 , 0.0
06017030801 , 0.0
06097153903 , 0.0
06067005605 , 0.0
06067008800 , 0.0
06067004903 , 0.0
06095253101 , 0.0
06093000200 , 0.0
06091010000 , 0.0
06067008142 , 0.0
06067008503 , 0.0
06015000202 , 0.0
06089011900 , 0.0
06101050700 , 0.0
06061021008 , 0.0
06067006201 , 0.0
06067009008 , 0.0
06067009004 , 0.0
06007000202 , 0.0
06115040700 , 0.0
06067008111 , 0.0
06067005101 , 0.0
06093000100 , 0.0
06089010200 , 0.0
06017030503 , 0.0
06067005403 , 0.0
06097150202 , 0.0
06049000300 , 0.0
06007000201 , 0.0
06061021901 , 0.0
06067008504 , 0.0
06067007007 , 0.0
06067005702 , 0.0
06067004203 , 0.0
06049000400 , 0.0
06105000400 , 0.0
06101050800 , 0.0
06017030701 , 0.0
06067008132 , 0.0
06067009106 , 0.0
06067002900 , 0.0
06015000201 , 0.0
06089010100 , 0.0
06007002000 , 0.0
06061021304 , 0.0
06067005803 , 0.0
06067004202 , 0.0
06097151504 , 0.0
06067009501 , 0.0
06057000402 , 0.0
06067008129 , 0.0
06067006004 , 0.0
06067001300 , 0.0
06067003900 , 0.0
06097150303 , 0.0
06061021902 , 0.0
06061020704 , 0.0
06067007013 , 0.0
06067005804 , 0.0
06005000402 , 0.0
06093000701 , 0.0
06007002100 , 0.0
06067008130 , 0.0
06067005902 , 0.0
06067008911 , 0.0
06067003700 , 0.0
06067004201 , 0.0
06095253107 , 0.0
06061020106 , 0.0
06033000900 , 0.0
06113010510 , 0.0
06005000401 , 0.0
06093000600 , 0.0
06089010300 , 0.0
06021010100 , 0.0
06061020107 , 0.0
06055201900 , 0.0
06067008909 , 0.0
06067003600 , 0.0
06015000103 , 0.0
06061021600 , 0.0
06067007406 , 0.0
06067001600 , 0.0
06095253402 , 0.0
06097151502 , 0.0
06095252908 , 0.0
06057000802 , 0.0
06097153902 , 0.0
06067000600 , 0.0
06067003000 , 0.0
06095252909 , 0.0
06007000102 , 0.0
06067007425 , 0.0
06097153704 , 0.0
06067009315 , 0.0
06067009613 , 0.0
06015000102 , 0.0
06017030603 , 0.0
06067007424 , 0.0
06067007012 , 0.0
06067009323 , 0.0
06095253108 , 0.0
06089010500 , 0.0
06007000900 , 0.0
06011000200 , 0.0
06033000700 , 0.0
06067005507 , 0.0
06067002000 , 0.0
06067003501 , 0.0
06093000702 , 0.0
06017031406 , 0.0
06067008117 , 0.0
06067007011 , 0.0
06067004402 , 0.0
06097152502 , 0.0
06097151900 , 0.0
06057000401 , 0.0
06067008300 , 0.0
06097153901 , 0.0
06015000101 , 0.0
06061021801 , 0.0
06067000500 , 0.0
06067004401 , 0.0
06067004011 , 0.0
06097151401 , 0.0
06023011000 , 0.0
06061020604 , 0.0
06067008005 , 0.0
06067007802 , 0.0
06113010509 , 0.0
06067004012 , 0.0
06097151306 , 0.0
06093000703 , 0.0
06061020105 , 0.0
06017030602 , 0.0
06067008140 , 0.0
06113010204 , 0.0
06095253300 , 0.0
06067009615 , 0.0
06035040301 , 0.0
06061020200 , 0.0
06067005201 , 0.0
06067003300 , 0.0
06067004010 , 0.0
06097151305 , 0.0
06049000200 , 0.0
06007000800 , 0.0
06061021005 , 0.0
06067007422 , 0.0
06067008006 , 0.0
06067006800 , 0.0
06113010203 , 0.0
06015000203 , 0.0
06061021301 , 0.0
06067008145 , 0.0
06067009200 , 0.0
06067004905 , 0.0
06093001200 , 0.0
06045011700 , 0.0
06097153703 , 0.0
06055201200 , 0.0
06055200600 , 0.0
06093000900 , 0.0
06007002200 , 0.0
06067008008 , 0.0
06067002200 , 0.0
06089011300 , 0.0
06057000600 , 0.0
06067007010 , 0.0
06067003101 , 0.0
06067004906 , 0.0
06097153101 , 0.0
06101051100 , 0.0
06067008120 , 0.0
06067008007 , 0.0
06067001900 , 0.0
06009000400 , 0.0
06093000800 , 0.0
06007002300 , 0.0
06033001200 , 0.0
06067003102 , 0.0
06067009700 , 0.0
06089010400 , 0.0
06067007208 , 0.0
06067007904 , 0.0
06097152202 , 0.0
06095253106 , 0.0
06093000500 , 0.0
06007000501 , 0.0
06017030200 , 0.0
06017031405 , 0.0
06067007701 , 0.0
06067005202 , 0.0
06067003502 , 0.0
06109002100 , 0.0
06049000100 , 0.0
06089010900 , 0.0
06061020101 , 0.0
06061021006 , 0.0
06067008209 , 0.0
06095252910 , 0.0
06007000700 , 0.0
06115040901 , 0.0
06067007903 , 0.0
06067009103 , 0.0
06095252903 , 0.0
06067009316 , 0.0
06097153003 , 0.0
06093001000 , 0.0
06089011400 , 0.0
06057000502 , 0.0
06033000800 , 0.0
06017030806 , 0.0
06067007014 , 0.0
06061020800 , 0.0
06113011203 , 0.0
06097152702 , 0.0
06067009311 , 0.0
06097151310 , 0.0
06007000601 , 0.0
06057000300 , 0.0
06113011204 , 0.0
06113010605 , 0.0
06097151402 , 0.0
06007000603 , 0.0
06057000501 , 0.0
06017030101 , 0.0
06017030805 , 0.0
06067000100 , 0.0
06067009105 , 0.0
06067004300 , 0.0
06023010102 , 0.0
06089011200 , 0.0
06017030102 , 0.0
06067006002 , 0.0
06067001800 , 0.0
06009000300 , 0.0
06023010200 , 0.0
06007000604 , 0.0
06067007413 , 0.0
06067000700 , 0.0
06105000100 , 0.0
06033001100 , 0.0
06061021007 , 0.0
06089011000 , 0.0
06007001000 , 0.0
06067009005 , 0.0
06067005103 , 0.0
06113010400 , 0.0
06097153300 , 0.0
06097151301 , 0.0
06061021501 , 0.0
06067007209 , 0.0
06067007503 , 0.0
06067007009 , 0.0
06097152802 , 0.0
06061020104 , 0.0
06067008908 , 0.0
06055200702 , 0.0
06093001100 , 0.0
06023011100 , 0.0
06033000600 , 0.0
06067007202 , 0.0
06023010101 , 0.0
06067007601 , 0.0
06097153802 , 0.0
06097152100 , 0.0
06089012500 , 0.0
06089011500 , 0.0
06057000702 , 0.0
06017030300 , 0.0
06113011206 , 0.0
06017030902 , 0.0
06113010606 , 0.0
06095252907 , 0.0
06035040100 , 0.0
06067009619 , 0.0
06101050900 , 0.0
06017030804 , 0.0
06017030704 , 0.0
06067009006 , 0.0
06089011100 , 0.0
06007000502 , 0.0
06061020103 , 0.0
06017030401 , 0.0
06097153401 , 0.0
06089012702 , 0.0
06035040400 , 0.0
06057000104 , 0.0
06067008907 , 0.0
06097153803 , 0.0
06067003201 , 0.0
06007001300 , 0.0
06017030501 , 0.0
06017031504 , 0.0
06089012701 , 0.0
06101050603 , 0.0
06067007008 , 0.0
06067009601 , 0.0
06097151204 , 0.0
06089012302 , 0.0
06061020705 , 0.0
06067006102 , 0.0
06113010201 , 0.0
06067009618 , 0.0
06089012601 , 0.0
06045011300 , 0.0
06017030601 , 0.0
06067008402 , 0.0
06067001700 , 0.0
06067003202 , 0.0
06097151311 , 0.0
06089012301 , 0.0
06007001100 , 0.0
06067005502 , 0.0
06067000400 , 0.0
06097152501 , 0.0
06097153102 , 0.0
06105000200 , 0.0
06089012100 , 0.0
06061021502 , 0.0
06067004601 , 0.0
06023010300 , 0.0
06007001200 , 0.0
06101050601 , 0.0
06061020702 , 0.0
06067007414 , 0.0
06097152600 , 0.0
06067009317 , 0.0
06097150606 , 0.0
06003010000 , 0.0
06067009611 , 0.0
06023010400 , 0.0
06089012200 , 0.0
06007001500 , 0.0
06101051000 , 0.0
06061021802 , 0.0
06067008136 , 0.0
06067009307 , 0.0
06057000200 , 0.0
06067007402 , 0.0
06067004602 , 0.0
06067009321 , 0.0
06023010502 , 0.0
06089012000 , 0.0
06007002500 , 0.0
06115040902 , 0.0
06061020605 , 0.0
06067009007 , 0.0
06067009308 , 0.0
06095253000 , 0.0
06017030502 , 0.0
06023010501 , 0.0
06103000100 , 0.0
06021010502 , 0.0
06067008131 , 0.0
06067000300 , 0.0
06067004500 , 0.0
06067009319 , 0.0
06097151203 , 0.0
06115041100 , 0.0
06113011500 , 0.0
06067007100 , 0.0
06067006500 , 0.0
06067009612 , 0.0
06063000500 , 0.0
06045011500 , 0.0
06067006202 , 0.0
06067001000 , 0.0
06067009318 , 0.0
06055200400 , 0.0
06023001200 , 0.0
06045010600 , 0.0
06113011400 , 0.0
06067007206 , 0.0
06067008208 , 0.0
06005000200 , 0.0
06067009606 , 0.0
06067009616 , 0.0
06089012303 , 0.0
06067006701 , 0.0
06067006900 , 0.0
06095252308 , 0.0
06089012400 , 0.0
06101050101 , 0.0
06061020500 , 0.0
06017031200 , 0.0
06113010901 , 0.0
06113010300 , 0.0
06067004006 , 0.0
06035040600 , 0.0
06007002900 , 0.0
06067009617 , 0.0
06023001000 , 0.0
06035040302 , 0.0
06067009607 , 0.0
06101050604 , 0.0
06017030402 , 0.0
06067008144 , 0.0
06067007001 , 0.0
06113010508 , 0.0
06067004001 , 0.0
06109003100 , 0.0
06055200502 , 0.0
06023011300 , 0.0
06033000100 , 0.0
06061020901 , 0.0
06113010800 , 0.0
06113010507 , 0.0
06045010300 , 0.0
06115040100 , 0.0
06061020400 , 0.0
06067005505 , 0.0
06023000900 , 0.0
06067007504 , 0.0
06055201600 , 0.0
06095253401 , 0.0
06007003600 , 0.0
06061020902 , 0.0
06067009403 , 0.0
06097151100 , 0.0
06023000800 , 0.0
06103000300 , 0.0
06067008141 , 0.0
06113010505 , 0.0
06067005601 , 0.0
06113010703 , 0.0
06067009604 , 0.0
06007002600 , 0.0
06061021401 , 0.0
06055201700 , 0.0
06023001100 , 0.0
06103000200 , 0.0
06061021402 , 0.0
06097150304 , 0.0
06115040200 , 0.0
06061020606 , 0.0
06067007416 , 0.0
06113010704 , 0.0
06067003400 , 0.0
06097152300 , 0.0
06007002700 , 0.0
06067006400 , 0.0
06113010701 , 0.0
06097153200 , 0.0
06035040500 , 0.0
06061020300 , 0.0
06061020703 , 0.0
06067008135 , 0.0
06067005606 , 0.0
06097151600 , 0.0
06067009605 , 0.0
06055200501 , 0.0
06023000500 , 0.0
06097152904 , 0.0
06103000400 , 0.0
06021010400 , 0.0
06045011400 , 0.0
06067007300 , 0.0
06067008009 , 0.0
06067005701 , 0.0
06067004100 , 0.0
06067009404 , 0.0
06095252307 , 0.0
06023000100 , 0.0
06063000400 , 0.0
06061020102 , 0.0
06061021200 , 0.0
06067007417 , 0.0
06067008010 , 0.0
06067005801 , 0.0
06103000600 , 0.0
06045011600 , 0.0
06067009110 , 0.0
06067009320 , 0.0
06045010802 , 0.0
06113010602 , 0.0
06067003800 , 0.0
06055201300 , 0.0
06057000900 , 0.0
06067007702 , 0.0
06055201100 , 0.0
06013313101 , 0.0
06013321200 , 0.0
06001407400 , 0.0
06055200801 , 0.0
06041112200 , 0.0
06013338201 , 0.0
06075016000 , 0.0
06077004002 , 0.0
06001409800 , 0.0
06041103100 , 0.0
06013357000 , 0.0
06077003308 , 0.0
06075017800 , 0.0
06013356002 , 0.0
06013307101 , 0.0
06001408600 , 0.0
06055200203 , 0.0
06077003208 , 0.0
06001423700 , 0.0
06067009503 , 0.0
06013332000 , 0.0
06001421200 , 0.0
06001423602 , 0.0
06041102100 , 0.0
06013302002 , 0.0
06075016700 , 0.0
06067009502 , 0.0
06077003500 , 0.0
06013354001 , 0.0
06013343003 , 0.0
06013346201 , 0.0
06001409900 , 0.0
06077004401 , 0.0
06077001500 , 0.0
06013334001 , 0.0
06077002200 , 0.0
06055200802 , 0.0
06013314200 , 0.0
06013319000 , 0.0
06001421100 , 0.0
06075010300 , 0.0
06075016600 , 0.0
06041132100 , 0.0
06013389200 , 0.0
06001423500 , 0.0
06095252800 , 0.0
06013321103 , 0.0
06013337100 , 0.0
06043000400 , 0.0
06077005119 , 0.0
06001408100 , 0.0
06041106001 , 0.0
06013355302 , 0.0
06041125000 , 0.0
06001407500 , 0.0
06077004203 , 0.0
06013306001 , 0.0
06077001400 , 0.0
06077000500 , 0.0
06075047901 , 0.0
06077002702 , 0.0
06041122000 , 0.0
06077004902 , 0.0
06001402200 , 0.0
06077005113 , 0.0
06075020200 , 0.0
06077004201 , 0.0
06077003113 , 0.0
06001423400 , 0.0
06001402300 , 0.0
06077000402 , 0.0
06001405100 , 0.0
06075010400 , 0.0
06075012400 , 0.0
06013314103 , 0.0
06013365001 , 0.0
06041121100 , 0.0
06001421300 , 0.0
06013352101 , 0.0
06001451202 , 0.0
06077004104 , 0.0
06013355101 , 0.0
06013345107 , 0.0
06001403000 , 0.0
06095251901 , 0.0
06013347000 , 0.0
06001421500 , 0.0
06001423300 , 0.0
06077005004 , 0.0
06041105000 , 0.0
06013384000 , 0.0
06097151000 , 0.0
06013346101 , 0.0
06001423601 , 0.0
06001428600 , 0.0
06077004204 , 0.0
06013361000 , 0.0
06077002300 , 0.0
06001404400 , 0.0
06095252305 , 0.0
06109001100 , 0.0
06001420200 , 0.0
06013345110 , 0.0
06095251802 , 0.0
06041104300 , 0.0
06013368000 , 0.0
06001420100 , 0.0
06077005112 , 0.0
06077005203 , 0.0
06075011900 , 0.0
06077003108 , 0.0
06013355303 , 0.0
06001420300 , 0.0
06001423800 , 0.0
06077003311 , 0.0
06041116000 , 0.0
06077002400 , 0.0
06095251400 , 0.0
06077003109 , 0.0
06013349000 , 0.0
06001423902 , 0.0
06001405600 , 0.0
06075013400 , 0.0
06001427100 , 0.0
06055200900 , 0.0
06013356001 , 0.0
06013355106 , 0.0
06013369002 , 0.0
06013377000 , 0.0
06001423901 , 0.0
06075012900 , 0.0
06077005114 , 0.0
06001428000 , 0.0
06077004302 , 0.0
06013320001 , 0.0
06077003110 , 0.0
06013363000 , 0.0
06013341000 , 0.0
06001424001 , 0.0
06001402700 , 0.0
06001407600 , 0.0
06095252306 , 0.0
06001426100 , 0.0
06001427400 , 0.0
06075017100 , 0.0
06041108200 , 0.0
06013350000 , 0.0
06001424002 , 0.0
06077005109 , 0.0
06075013300 , 0.0
06095252604 , 0.0
06077004303 , 0.0
06077003403 , 0.0
06013331000 , 0.0
06013324000 , 0.0
06013338202 , 0.0
06001400400 , 0.0
06075015800 , 0.0
06001405000 , 0.0
06001405700 , 0.0
06077004102 , 0.0
06013314102 , 0.0
06001404300 , 0.0
06001427300 , 0.0
06001427700 , 0.0
06013313102 , 0.0
06013321102 , 0.0
06013342000 , 0.0
06001403700 , 0.0
06001405500 , 0.0
06001407200 , 0.0
06095252605 , 0.0
06095251702 , 0.0
06001400500 , 0.0
06095250101 , 0.0
06077003215 , 0.0
06013359204 , 0.0
06013381000 , 0.0
06001401800 , 0.0
06075010700 , 0.0
06075016900 , 0.0
06041117000 , 0.0
06013378000 , 0.0
06001421400 , 0.0
06001400200 , 0.0
06001404900 , 0.0
06075042800 , 0.0
06075020300 , 0.0
06095252606 , 0.0
06077003214 , 0.0
06013364001 , 0.0
06013353002 , 0.0
06001400800 , 0.0
06075015100 , 0.0
06001406100 , 0.0
06077001700 , 0.0
06041131000 , 0.0
06001402800 , 0.0
06075010600 , 0.0
06001408400 , 0.0
06095252608 , 0.0
06095251300 , 0.0
06077003209 , 0.0
06077002501 , 0.0
06001420400 , 0.0
06001425100 , 0.0
06013359102 , 0.0
06077001200 , 0.0
06001421600 , 0.0
06001405200 , 0.0
06075012100 , 0.0
06075015700 , 0.0
06075017000 , 0.0
06095252609 , 0.0
06095251701 , 0.0
06013318000 , 0.0
06013385100 , 0.0
06013385200 , 0.0
06001420600 , 0.0
06001403300 , 0.0
06075060700 , 0.0
06095251500 , 0.0
06077003213 , 0.0
06109005100 , 0.0
06013328000 , 0.0
06013337200 , 0.0
06013386000 , 0.0
06001404800 , 0.0
06075015200 , 0.0
06095252706 , 0.0
06001420500 , 0.0
06001402400 , 0.0
06095252707 , 0.0
06041101200 , 0.0
06077003601 , 0.0
06013379000 , 0.0
06041128100 , 0.0
06013345105 , 0.0
06075040100 , 0.0
06001407700 , 0.0
06077004402 , 0.0
06041118200 , 0.0
06013334004 , 0.0
06075012800 , 0.0
06001406201 , 0.0
06075018000 , 0.0
06097150603 , 0.0
06013307102 , 0.0
06041126100 , 0.0
06001421700 , 0.0
06075010100 , 0.0
06077004306 , 0.0
06001402000 , 0.0
06077003404 , 0.0
06013351200 , 0.0
06001405400 , 0.0
06075012000 , 0.0
06013329000 , 0.0
06077000401 , 0.0
06041127000 , 0.0
06001428500 , 0.0
06097150901 , 0.0
06013366001 , 0.0
06099000203 , 0.0
06095251600 , 0.0
06013359101 , 0.0
06077000900 , 0.0
06077002800 , 0.0
06001421800 , 0.0
06075022600 , 0.0
06055201001 , 0.0
06077004305 , 0.0
06013307201 , 0.0
06077001300 , 0.0
06001400100 , 0.0
06001405300 , 0.0
06013338301 , 0.0
06041123000 , 0.0
06095252103 , 0.0
06013330000 , 0.0
06041119100 , 0.0
06013340002 , 0.0
06001422000 , 0.0
06001400300 , 0.0
06001402900 , 0.0
06075015300 , 0.0
06001406600 , 0.0
06075060200 , 0.0
06109001200 , 0.0
06077001101 , 0.0
06013369001 , 0.0
06013352202 , 0.0
06075040200 , 0.0
06001428400 , 0.0
06095252104 , 0.0
06077003305 , 0.0
06001400700 , 0.0
06109003200 , 0.0
06077002701 , 0.0
06077002502 , 0.0
06001428100 , 0.0
06077004001 , 0.0
06041102201 , 0.0
06001400600 , 0.0
06075010900 , 0.0
06075012300 , 0.0
06077003700 , 0.0
06013352102 , 0.0
06099000202 , 0.0
06095252401 , 0.0
06077003210 , 0.0
06013366002 , 0.0
06013382000 , 0.0
06001403200 , 0.0
06041113000 , 0.0
06077002000 , 0.0
06075016100 , 0.0
06075030101 , 0.0
06095252607 , 0.0
06001404502 , 0.0
06001406500 , 0.0
06041103200 , 0.0
06077003211 , 0.0
06013367100 , 0.0
06013323000 , 0.0
06095252501 , 0.0
06013380000 , 0.0
06001406400 , 0.0
06075015600 , 0.0
06097150902 , 0.0
06001400900 , 0.0
06075013000 , 0.0
06075011800 , 0.0
06075047800 , 0.0
06075030202 , 0.0
06095251200 , 0.0
06013310000 , 0.0
06013360200 , 0.0
06001404200 , 0.0
06095252703 , 0.0
06001421900 , 0.0
06075010800 , 0.0
06001408500 , 0.0
06095250300 , 0.0
06041115000 , 0.0
06077001000 , 0.0
06077005127 , 0.0
06067009504 , 0.0
06013387000 , 0.0
06041126200 , 0.0
06001401100 , 0.0
06075047902 , 0.0
06095250200 , 0.0
06001406900 , 0.0
06075030201 , 0.0
06001435400 , 0.0
06081602900 , 0.0
06001440306 , 0.0
06081613502 , 0.0
06081612800 , 0.0
06085503802 , 0.0
06001450400 , 0.0
06001435101 , 0.0
06077005001 , 0.0
06001436900 , 0.0
06081605100 , 0.0
06081610500 , 0.0
06085511400 , 0.0
06081608400 , 0.0
06001451501 , 0.0
06085511605 , 0.0
06085509700 , 0.0
06099000302 , 0.0
06075031200 , 0.0
06099003300 , 0.0
06001441503 , 0.0
06085504420 , 0.0
06085509201 , 0.0
06099000301 , 0.0
06001450603 , 0.0
06001436401 , 0.0
06001438202 , 0.0
06081607600 , 0.0
06085508704 , 0.0
06075023101 , 0.0
06001451102 , 0.0
06081610900 , 0.0
06085509404 , 0.0
06001432100 , 0.0
06081602200 , 0.0
06075025800 , 0.0
06075021800 , 0.0
06075060501 , 0.0
06001436000 , 0.0
06081607500 , 0.0
06085512700 , 0.0
06085504803 , 0.0
06075026003 , 0.0
06081610203 , 0.0
06075025401 , 0.0
06099000909 , 0.0
06081602700 , 0.0
06001441922 , 0.0
06085510500 , 0.0
06075026100 , 0.0
06001441200 , 0.0
06081609800 , 0.0
06013345101 , 0.0
06001430900 , 0.0
06081601604 , 0.0
06085504310 , 0.0
06075030301 , 0.0
06099000911 , 0.0
06001436800 , 0.0
06001443301 , 0.0
06085504411 , 0.0
06001433000 , 0.0
06001450722 , 0.0
06099002200 , 0.0
06081605200 , 0.0
06001444200 , 0.0
06081612900 , 0.0
06075023102 , 0.0
06099001200 , 0.0
06081611700 , 0.0
06099000501 , 0.0
06051000200 , 0.0
06099000910 , 0.0
06001441402 , 0.0
06085504308 , 0.0
06085510802 , 0.0
06075023001 , 0.0
06001436602 , 0.0
06081604101 , 0.0
06081608013 , 0.0
06085510600 , 0.0
06085511500 , 0.0
06099000402 , 0.0
06001436100 , 0.0
06099002004 , 0.0
06081605300 , 0.0
06099003603 , 0.0
06075023002 , 0.0
06075031300 , 0.0
06085505001 , 0.0
06001408900 , 0.0
06075025402 , 0.0
06001451701 , 0.0
06081603100 , 0.0
06081613600 , 0.0
06099003604 , 0.0
06001451702 , 0.0
06001437000 , 0.0
06099002902 , 0.0
06001409600 , 0.0
06077005403 , 0.0
06075026004 , 0.0
06001438300 , 0.0
06081606000 , 0.0
06081610303 , 0.0
06081602400 , 0.0
06085504418 , 0.0
06075030500 , 0.0
06077005404 , 0.0
06001433101 , 0.0
06001436402 , 0.0
06001438201 , 0.0
06019006402 , 0.0
06081610700 , 0.0
06001450606 , 0.0
06081607400 , 0.0
06001410000 , 0.0
06001437200 , 0.0
06001438100 , 0.0
06001441501 , 0.0
06085510801 , 0.0
06075022803 , 0.0
06039000102 , 0.0
06081606700 , 0.0
06081609700 , 0.0
06075061000 , 0.0
06001450605 , 0.0
06001430300 , 0.0
06075026402 , 0.0
06099001900 , 0.0
06001440305 , 0.0
06081610602 , 0.0
06075022703 , 0.0
06001450742 , 0.0
06081604200 , 0.0
06001444300 , 0.0
06001432200 , 0.0
06075060400 , 0.0
06001440308 , 0.0
06081610601 , 0.0
06001451201 , 0.0
06001451300 , 0.0
06081601502 , 0.0
06099002003 , 0.0
06001438000 , 0.0
06085504318 , 0.0
06075021100 , 0.0
06043000300 , 0.0
06081604000 , 0.0
06085504317 , 0.0
06001441301 , 0.0
06081610800 , 0.0
06085504700 , 0.0
06099002801 , 0.0
06075031400 , 0.0
06001436300 , 0.0
06047000100 , 0.0
06081605500 , 0.0
06085503803 , 0.0
06075025700 , 0.0
06081602600 , 0.0
06099002302 , 0.0
06081611900 , 0.0
06075030302 , 0.0
06081601000 , 0.0
06001441921 , 0.0
06085510900 , 0.0
06085508800 , 0.0
06001430500 , 0.0
06001436200 , 0.0
06099002301 , 0.0
06075032800 , 0.0
06001441401 , 0.0
06081608002 , 0.0
06099003400 , 0.0
06099001400 , 0.0
06001437900 , 0.0
06081611500 , 0.0
06001432300 , 0.0
06075026200 , 0.0
06001450602 , 0.0
06001437800 , 0.0
06081608023 , 0.0
06081609601 , 0.0
06099001603 , 0.0
06001444500 , 0.0
06081611000 , 0.0
06075021200 , 0.0
06001409100 , 0.0
06081601900 , 0.0
06001437500 , 0.0
06001441521 , 0.0
06075032900 , 0.0
06001450100 , 0.0
06075026301 , 0.0
06001437400 , 0.0
06001438400 , 0.0
06001441700 , 0.0
06081612000 , 0.0
06075026302 , 0.0
06081606200 , 0.0
06085504202 , 0.0
06081603000 , 0.0
06099003001 , 0.0
06075020900 , 0.0
06075023003 , 0.0
06075026401 , 0.0
06001450721 , 0.0
06081601700 , 0.0
06001442500 , 0.0
06085509102 , 0.0
06081601100 , 0.0
06099002702 , 0.0
06081612400 , 0.0
06075030900 , 0.0
06075026403 , 0.0
06099001300 , 0.0
06081605600 , 0.0
06081611400 , 0.0
06001409500 , 0.0
06001433200 , 0.0
06099000503 , 0.0
06001444400 , 0.0
06081612200 , 0.0
06039000105 , 0.0
06075021000 , 0.0
06075025403 , 0.0
06081603900 , 0.0
06099003002 , 0.0
06081611100 , 0.0
06075022903 , 0.0
06001409200 , 0.0
06001434000 , 0.0
06001442700 , 0.0
06099001100 , 0.0
06099002701 , 0.0
06081605900 , 0.0
06081608501 , 0.0
06075022902 , 0.0
06001430600 , 0.0
06001435200 , 0.0
06081613400 , 0.0
06001410100 , 0.0
06001431000 , 0.0
06085508703 , 0.0
06047001802 , 0.0
06087120200 , 0.0
06053013500 , 0.0
06029005402 , 0.0
06085508303 , 0.0
06085503111 , 0.0
06085503213 , 0.0
06053010101 , 0.0
06019006300 , 0.0
06107003002 , 0.0
06085508304 , 0.0
06085512005 , 0.0
06085511912 , 0.0
06087100100 , 0.0
06053010303 , 0.0
06107002700 , 0.0
06031000701 , 0.0
06079010203 , 0.0
06085508401 , 0.0
06085507906 , 0.0
06087122201 , 0.0
06069000200 , 0.0
06019005403 , 0.0
06053012000 , 0.0
06107002904 , 0.0
06085503112 , 0.0
06053000101 , 0.0
06085507808 , 0.0
06085503003 , 0.0
06085512200 , 0.0
06019002502 , 0.0
06019001800 , 0.0
06053013600 , 0.0
06031000602 , 0.0
06107003100 , 0.0
06085509901 , 0.0
06085510100 , 0.0
06047001005 , 0.0
06085512601 , 0.0
06019005504 , 0.0
06029005404 , 0.0
06085503506 , 0.0
06085502001 , 0.0
06085512308 , 0.0
06019005511 , 0.0
06019005302 , 0.0
06053012700 , 0.0
06019008000 , 0.0
06047000603 , 0.0
06085507904 , 0.0
06085512021 , 0.0
06019005506 , 0.0
06053014301 , 0.0
06031000601 , 0.0
06053000400 , 0.0
06029005403 , 0.0
06047000802 , 0.0
06085501900 , 0.0
06085506402 , 0.0
06039000200 , 0.0
06019000500 , 0.0
06107001004 , 0.0
06107003300 , 0.0
06047000601 , 0.0
06047000902 , 0.0
06085507500 , 0.0
06087100400 , 0.0
06019005304 , 0.0
06053014102 , 0.0
06029004301 , 0.0
06085506202 , 0.0
06053010201 , 0.0
06053000500 , 0.0
06085508404 , 0.0
06085503322 , 0.0
06085503315 , 0.0
06085502702 , 0.0
06019005000 , 0.0
06019002601 , 0.0
06031000702 , 0.0
06019008100 , 0.0
06079010202 , 0.0
06019005505 , 0.0
06053012600 , 0.0
06085503511 , 0.0
06085506305 , 0.0
06047002100 , 0.0
06019005515 , 0.0
06019004407 , 0.0
06031000500 , 0.0
06107003902 , 0.0
06029004401 , 0.0
06085504102 , 0.0
06087100500 , 0.0
06019005801 , 0.0
06019002701 , 0.0
06085501000 , 0.0
06085503325 , 0.0
06019006401 , 0.0
06053010605 , 0.0
06107001302 , 0.0
06031001300 , 0.0
06039001000 , 0.0
06019005802 , 0.0
06019003002 , 0.0
06053000700 , 0.0
06019007300 , 0.0
06029004402 , 0.0
06085503709 , 0.0
06085501800 , 0.0
06047001402 , 0.0
06085502907 , 0.0
06053010202 , 0.0
06031001500 , 0.0
06085505403 , 0.0
06019003102 , 0.0
06019007003 , 0.0
06085503214 , 0.0
06085512018 , 0.0
06069000300 , 0.0
06019000600 , 0.0
06031000402 , 0.0
06107003200 , 0.0
06029004302 , 0.0
06085505301 , 0.0
06047001004 , 0.0
06087120400 , 0.0
06085501501 , 0.0
06087123300 , 0.0
06019005508 , 0.0
06019004602 , 0.0
06019007004 , 0.0
06031000900 , 0.0
06085505302 , 0.0
06085503328 , 0.0
06087100200 , 0.0
06019005902 , 0.0
06019004601 , 0.0
06107003500 , 0.0
06079010400 , 0.0
06085500400 , 0.0
06085502002 , 0.0
06085512305 , 0.0
06019004205 , 0.0
06019007600 , 0.0
06053013000 , 0.0
06085503706 , 0.0
06085503507 , 0.0
06085507205 , 0.0
06085506000 , 0.0
06047002400 , 0.0
06069000100 , 0.0
06053014200 , 0.0
06031000800 , 0.0
06079012704 , 0.0
06085506401 , 0.0
06085502202 , 0.0
06085506703 , 0.0
06019005507 , 0.0
06085501300 , 0.0
06031001001 , 0.0
06031001400 , 0.0
06085508504 , 0.0
06085502908 , 0.0
06087121401 , 0.0
06019006700 , 0.0
06085501502 , 0.0
06047001003 , 0.0
06047001401 , 0.0
06085512402 , 0.0
06039000601 , 0.0
06019004405 , 0.0
06019004701 , 0.0
06079012703 , 0.0
06019002902 , 0.0
06053000600 , 0.0
06053012800 , 0.0
06053011202 , 0.0
06085508503 , 0.0
06085503504 , 0.0
06085506301 , 0.0
06085503115 , 0.0
06085512026 , 0.0
06085512309 , 0.0
06019005903 , 0.0
06029003900 , 0.0
06085503207 , 0.0
06019008302 , 0.0
06107001005 , 0.0
06107003400 , 0.0
06085512024 , 0.0
06087121000 , 0.0
06087121402 , 0.0
06019007100 , 0.0
06107001100 , 0.0
06085509902 , 0.0
06085505900 , 0.0
06085506203 , 0.0
06047001502 , 0.0
06069000500 , 0.0
06019001403 , 0.0
06053001700 , 0.0
06029005103 , 0.0
06085502500 , 0.0
06085512025 , 0.0
06085512306 , 0.0
06087100700 , 0.0
06053010606 , 0.0
06107003700 , 0.0
06085505304 , 0.0
06085502909 , 0.0
06053001300 , 0.0
06079012501 , 0.0
06085507805 , 0.0
06085508002 , 0.0
06019000700 , 0.0
06019006602 , 0.0
06107001006 , 0.0
06085505305 , 0.0
06085506501 , 0.0
06085502800 , 0.0
06019003801 , 0.0
06107003602 , 0.0
06029004000 , 0.0
06085503321 , 0.0
06053010504 , 0.0
06085507203 , 0.0
06087120600 , 0.0
06087121800 , 0.0
06069000800 , 0.0
06053000800 , 0.0
06053013400 , 0.0
06107001200 , 0.0
06029004200 , 0.0
06085510001 , 0.0
06085503306 , 0.0
06085508001 , 0.0
06019001900 , 0.0
06053013200 , 0.0
06107003601 , 0.0
06079012600 , 0.0
06085506605 , 0.0
06085507302 , 0.0
06087122100 , 0.0
06019005301 , 0.0
06107000100 , 0.0
06085500901 , 0.0
06085512022 , 0.0
06019006403 , 0.0
06019004301 , 0.0
06053014103 , 0.0
06085508506 , 0.0
06085506601 , 0.0
06087121700 , 0.0
06027000600 , 0.0
06107003802 , 0.0
06085503304 , 0.0
06085512023 , 0.0
06019004208 , 0.0
06019005305 , 0.0
06019000200 , 0.0
06079012702 , 0.0
06085503320 , 0.0
06039000300 , 0.0
06053001000 , 0.0
06053013100 , 0.0
06053010501 , 0.0
06019003101 , 0.0
06053010802 , 0.0
06107003801 , 0.0
06085503601 , 0.0
06085512002 , 0.0
06019000100 , 0.0
06019007002 , 0.0
06031001701 , 0.0
06079012502 , 0.0
06085500600 , 0.0
06087122003 , 0.0
06107002006 , 0.0
06085508505 , 0.0
06047001503 , 0.0
06085512304 , 0.0
06069000400 , 0.0
06019007500 , 0.0
06031001200 , 0.0
06029004101 , 0.0
06085511702 , 0.0
06085503210 , 0.0
06085512027 , 0.0
06053011700 , 0.0
06039000104 , 0.0
06087121403 , 0.0
06019004404 , 0.0
06031000403 , 0.0
06029003700 , 0.0
06085506102 , 0.0
06085503204 , 0.0
06107000301 , 0.0
06085505303 , 0.0
06087100800 , 0.0
06107004101 , 0.0
06029004102 , 0.0
06085505800 , 0.0
06069000700 , 0.0
06019003803 , 0.0
06031001002 , 0.0
06019002702 , 0.0
06107000401 , 0.0
06085504001 , 0.0
06047001601 , 0.0
06087100600 , 0.0
06107001703 , 0.0
06029003304 , 0.0
06085502601 , 0.0
06029002821 , 0.0
06037910302 , 0.0
06037123204 , 0.0
06029001201 , 0.0
06071009104 , 0.0
06037920026 , 0.0
06111001205 , 0.0
06037106642 , 0.0
06111008303 , 0.0
06071011202 , 0.0
06037117405 , 0.0
06037134000 , 0.0
06029003112 , 0.0
06037910204 , 0.0
06037920105 , 0.0
06071010023 , 0.0
06037104201 , 0.0
06037300100 , 0.0
06037135201 , 0.0
06029001300 , 0.0
06071011900 , 0.0
06037109300 , 0.0
06037117510 , 0.0
06037135202 , 0.0
06083003002 , 0.0
06111008401 , 0.0
06037134510 , 0.0
06029003121 , 0.0
06083002006 , 0.0
06071009102 , 0.0
06071009200 , 0.0
06037111202 , 0.0
06037300300 , 0.0
06111002902 , 0.0
06111004705 , 0.0
06037910203 , 0.0
06083002903 , 0.0
06111007604 , 0.0
06029001600 , 0.0
06029005700 , 0.0
06111008002 , 0.0
06037120010 , 0.0
06037134303 , 0.0
06037920334 , 0.0
06037104820 , 0.0
06037113234 , 0.0
06029003113 , 0.0
06037127520 , 0.0
06037460100 , 0.0
06111004704 , 0.0
06083001701 , 0.0
06037103101 , 0.0
06111007503 , 0.0
06037113233 , 0.0
06111006900 , 0.0
06029003103 , 0.0
06037920014 , 0.0
06037920335 , 0.0
06037106606 , 0.0
06071010416 , 0.0
06071002702 , 0.0
06037910601 , 0.0
06083000700 , 0.0
06111002102 , 0.0
06071011500 , 0.0
06111007402 , 0.0
06079011200 , 0.0
06083002306 , 0.0
06037900605 , 0.0
06037101120 , 0.0
06111008001 , 0.0
06111005002 , 0.0
06037119340 , 0.0
06037119000 , 0.0
06083002500 , 0.0
06037900602 , 0.0
06037910502 , 0.0
06111001202 , 0.0
06111008201 , 0.0
06037123103 , 0.0
06037920020 , 0.0
06037113232 , 0.0
06037310500 , 0.0
06029003123 , 0.0
06037900604 , 0.0
06037910501 , 0.0
06037930000 , 0.0
06111005305 , 0.0
06037115102 , 0.0
06037131100 , 0.0
06037134902 , 0.0
06083002210 , 0.0
06037920332 , 0.0
06037320300 , 0.0
06037119700 , 0.0
06083001500 , 0.0
06037920322 , 0.0
06071004503 , 0.0
06029003124 , 0.0
06083002209 , 0.0
06037910402 , 0.0
06037920312 , 0.0
06111007607 , 0.0
06037115101 , 0.0
06111005503 , 0.0
06037131200 , 0.0
06083002305 , 0.0
06037900803 , 0.0
06037910810 , 0.0
06083000300 , 0.0
06037910401 , 0.0
06037910808 , 0.0
06111007700 , 0.0
06037117302 , 0.0
06111005304 , 0.0
06037131300 , 0.0
06029003114 , 0.0
06037920313 , 0.0
06111001502 , 0.0
06079010600 , 0.0
06037900804 , 0.0
06071010409 , 0.0
06037920015 , 0.0
06037117301 , 0.0
06037131400 , 0.0
06029005506 , 0.0
06083002604 , 0.0
06037910403 , 0.0
06037920106 , 0.0
06037119900 , 0.0
06029003115 , 0.0
06037910703 , 0.0
06083001400 , 0.0
06037920031 , 0.0
06037117200 , 0.0
06029003809 , 0.0
06083002211 , 0.0
06037900606 , 0.0
06037131010 , 0.0
06111003202 , 0.0
06111000901 , 0.0
06037920029 , 0.0
06111000500 , 0.0
06071010801 , 0.0
06037120101 , 0.0
06029003122 , 0.0
06083002303 , 0.0
06037901003 , 0.0
06037920107 , 0.0
06111008500 , 0.0
06037115301 , 0.0
06071004502 , 0.0
06029001202 , 0.0
06037910602 , 0.0
06037910809 , 0.0
06037131600 , 0.0
06037910704 , 0.0
06111001102 , 0.0
06037104702 , 0.0
06037115201 , 0.0
06071010411 , 0.0
06083002205 , 0.0
06037901004 , 0.0
06111001301 , 0.0
06037121010 , 0.0
06037134101 , 0.0
06029003810 , 0.0
06079011300 , 0.0
06083001301 , 0.0
06029000907 , 0.0
06083002304 , 0.0
06037900805 , 0.0
06071011100 , 0.0
06037117100 , 0.0
06111007506 , 0.0
06037134103 , 0.0
06037311100 , 0.0
06029003811 , 0.0
06037910705 , 0.0
06083002904 , 0.0
06111001506 , 0.0
06029003812 , 0.0
06079010902 , 0.0
06037108102 , 0.0
06037460301 , 0.0
06037128100 , 0.0
06083002206 , 0.0
06037901005 , 0.0
06037910706 , 0.0
06071011300 , 0.0
06111007501 , 0.0
06037122000 , 0.0
06029000906 , 0.0
06079011000 , 0.0
06111008402 , 0.0
06111008305 , 0.0
06037104402 , 0.0
06037134201 , 0.0
06111007202 , 0.0
06083002402 , 0.0
06037910604 , 0.0
06037920038 , 0.0
06037104103 , 0.0
06029000905 , 0.0
06111000600 , 0.0
06037121600 , 0.0
06037127802 , 0.0
06079011502 , 0.0
06037901205 , 0.0
06083000801 , 0.0
06037104104 , 0.0
06037103102 , 0.0
06037134305 , 0.0
06037310300 , 0.0
06029003201 , 0.0
06037113303 , 0.0
06037310400 , 0.0
06037910603 , 0.0
06037920032 , 0.0
06111001101 , 0.0
06037920303 , 0.0
06111008306 , 0.0
06111008004 , 0.0
06037115302 , 0.0
06037134304 , 0.0
06037127602 , 0.0
06037900806 , 0.0
06071009708 , 0.0
06111001204 , 0.0
06037134302 , 0.0
06037300800 , 0.0
06029003202 , 0.0
06083000900 , 0.0
06071011400 , 0.0
06037108101 , 0.0
06037117406 , 0.0
06037910503 , 0.0
06037920033 , 0.0
06037103200 , 0.0
06037104610 , 0.0
06111007404 , 0.0
06037123520 , 0.0
06029001500 , 0.0
06083002403 , 0.0
06037901204 , 0.0
06071009709 , 0.0
06111003201 , 0.0
06037900607 , 0.0
06071011201 , 0.0
06037117520 , 0.0
06037460000 , 0.0
06029006005 , 0.0
06037104310 , 0.0
06111006700 , 0.0
06029001802 , 0.0
06083002101 , 0.0
06037900503 , 0.0
06037910404 , 0.0
06071010012 , 0.0
06071010802 , 0.0
06037120102 , 0.0
06111003300 , 0.0
06111001800 , 0.0
06111005202 , 0.0
06111007201 , 0.0
06037132700 , 0.0
06037910804 , 0.0
06071010011 , 0.0
06037111301 , 0.0
06083002404 , 0.0
06037910803 , 0.0
06111000700 , 0.0
06111007602 , 0.0
06037123303 , 0.0
06037900502 , 0.0
06071010010 , 0.0
06037300501 , 0.0
06079011101 , 0.0
06071009901 , 0.0
06037111400 , 0.0
06111003100 , 0.0
06111003500 , 0.0
06083002102 , 0.0
06071010009 , 0.0
06037300502 , 0.0
06029001103 , 0.0
06071010600 , 0.0
06037920109 , 0.0
06111007901 , 0.0
06037123304 , 0.0
06083002103 , 0.0
06037900501 , 0.0
06037920016 , 0.0
06111000400 , 0.0
06111006400 , 0.0
06029001101 , 0.0
06111000302 , 0.0
06037109700 , 0.0
06037300701 , 0.0
06037300702 , 0.0
06037460302 , 0.0
06111007904 , 0.0
06029001102 , 0.0
06083002007 , 0.0
06037900701 , 0.0
06037920027 , 0.0
06111005100 , 0.0
06037109602 , 0.0
06037123203 , 0.0
06037911000 , 0.0
06111006500 , 0.0
06029005504 , 0.0
06037481103 , 0.0
06037191420 , 0.0
06037125600 , 0.0
06037186200 , 0.0
06037405102 , 0.0
06037211310 , 0.0
06037128702 , 0.0
06037400206 , 0.0
06037405202 , 0.0
06037125310 , 0.0
06071004300 , 0.0
06037201301 , 0.0
06071006700 , 0.0
06037211320 , 0.0
06071002701 , 0.0
06037406102 , 0.0
06037124901 , 0.0
06037139801 , 0.0
06071005400 , 0.0
06037188300 , 0.0
06037185310 , 0.0
06071003602 , 0.0
06037265410 , 0.0
06111004503 , 0.0
06071002005 , 0.0
06037265200 , 0.0
06037462600 , 0.0
06037186300 , 0.0
06071002204 , 0.0
06037195500 , 0.0
06037201401 , 0.0
06037125200 , 0.0
06037137504 , 0.0
06037143200 , 0.0
06071006301 , 0.0
06037301501 , 0.0
06037301204 , 0.0
06037199110 , 0.0
06037406700 , 0.0
06037137301 , 0.0
06037125100 , 0.0
06037143100 , 0.0
06037183400 , 0.0
06037432401 , 0.0
06037800401 , 0.0
06111004302 , 0.0
06111007300 , 0.0
06037463800 , 0.0
06071003403 , 0.0
06111004504 , 0.0
06071002302 , 0.0
06037431800 , 0.0
06037197200 , 0.0
06037128800 , 0.0
06037141500 , 0.0
06037431100 , 0.0
06037404903 , 0.0
06037128600 , 0.0
06037188100 , 0.0
06071006000 , 0.0
06037432802 , 0.0
06037139703 , 0.0
06037480600 , 0.0
06071000811 , 0.0
06037139502 , 0.0
06111004000 , 0.0
06071005200 , 0.0
06071003402 , 0.0
06037128500 , 0.0
06037311500 , 0.0
06071002401 , 0.0
06037201504 , 0.0
06071006302 , 0.0
06071002502 , 0.0
06071001400 , 0.0
06037463000 , 0.0
06037302104 , 0.0
06071002006 , 0.0
06071000810 , 0.0
06037430400 , 0.0
06037139501 , 0.0
06037430900 , 0.0
06037187300 , 0.0
06037406500 , 0.0
06037800325 , 0.0
06037481201 , 0.0
06037480902 , 0.0
06037139200 , 0.0
06037462900 , 0.0
06071007407 , 0.0
06071003401 , 0.0
06037302002 , 0.0
06037190200 , 0.0
06071003200 , 0.0
06037195600 , 0.0
06037195720 , 0.0
06037433601 , 0.0
06037139303 , 0.0
06037139600 , 0.0
06037464000 , 0.0
06037403901 , 0.0
06037800102 , 0.0
06037183700 , 0.0
06037192610 , 0.0
06037197500 , 0.0
06037208500 , 0.0
06037139302 , 0.0
06037188200 , 0.0
06037186401 , 0.0
06037190400 , 0.0
06037199400 , 0.0
06071007406 , 0.0
06071005000 , 0.0
06037404801 , 0.0
06037137102 , 0.0
06037137401 , 0.0
06037430801 , 0.0
06071002902 , 0.0
06037195400 , 0.0
06037404902 , 0.0
06037262303 , 0.0
06037406800 , 0.0
06037141302 , 0.0
06037400402 , 0.0
06037480012 , 0.0
06037190301 , 0.0
06037137502 , 0.0
06037402200 , 0.0
06071008703 , 0.0
06037800501 , 0.0
06037404702 , 0.0
06037482401 , 0.0
06037302001 , 0.0
06037189702 , 0.0
06071002901 , 0.0
06037199900 , 0.0
06037463900 , 0.0
06037183220 , 0.0
06037191000 , 0.0
06037192700 , 0.0
06037406300 , 0.0
06037207100 , 0.0
06037141700 , 0.0
06037183520 , 0.0
06037481402 , 0.0
06037480903 , 0.0
06037139701 , 0.0
06111004501 , 0.0
06071005300 , 0.0
06037400302 , 0.0
06071006600 , 0.0
06037192520 , 0.0
06071007404 , 0.0
06037430803 , 0.0
06071002800 , 0.0
06071003300 , 0.0
06037403500 , 0.0
06037189701 , 0.0
06037186100 , 0.0
06037481401 , 0.0
06037482303 , 0.0
06071007901 , 0.0
06037201302 , 0.0
06037192510 , 0.0
06037430302 , 0.0
06037143800 , 0.0
06037181600 , 0.0
06037401701 , 0.0
06037800404 , 0.0
06037480901 , 0.0
06037192410 , 0.0
06037481712 , 0.0
06037431002 , 0.0
06037401601 , 0.0
06037199300 , 0.0
06037406101 , 0.0
06037301900 , 0.0
06037400203 , 0.0
06037143700 , 0.0
06071000806 , 0.0
06037192420 , 0.0
06037404302 , 0.0
06037480101 , 0.0
06037432500 , 0.0
06037432601 , 0.0
06037481902 , 0.0
06111004200 , 0.0
06037431001 , 0.0
06037401800 , 0.0
06037197410 , 0.0
06037192300 , 0.0
06071003100 , 0.0
06071002203 , 0.0
06037430002 , 0.0
06037480102 , 0.0
06037187200 , 0.0
06037432801 , 0.0
06037404803 , 0.0
06037124500 , 0.0
06071010412 , 0.0
06037199000 , 0.0
06037432700 , 0.0
06071001500 , 0.0
06037430501 , 0.0
06037311700 , 0.0
06037189500 , 0.0
06037189901 , 0.0
06037185320 , 0.0
06037301800 , 0.0
06037400303 , 0.0
06037404100 , 0.0
06111005901 , 0.0
06037400204 , 0.0
06037189400 , 0.0
06037480702 , 0.0
06037481500 , 0.0
06037191410 , 0.0
06037201600 , 0.0
06037406200 , 0.0
06037181000 , 0.0
06037302502 , 0.0
06071002007 , 0.0
06037700600 , 0.0
06037481202 , 0.0
06037191203 , 0.0
06037191500 , 0.0
06037430301 , 0.0
06037265100 , 0.0
06037481901 , 0.0
06071001600 , 0.0
06071000807 , 0.0
06037430101 , 0.0
06037480803 , 0.0
06037403600 , 0.0
06071004100 , 0.0
06037404401 , 0.0
06071005700 , 0.0
06037481102 , 0.0
06037191620 , 0.0
06037191204 , 0.0
06037481603 , 0.0
06071008002 , 0.0
06037461600 , 0.0
06071002303 , 0.0
06037800303 , 0.0
06037183210 , 0.0
06037481101 , 0.0
06037191120 , 0.0
06037800502 , 0.0
06037191810 , 0.0
06071005900 , 0.0
06037432201 , 0.0
06037301203 , 0.0
06037404301 , 0.0
06037191610 , 0.0
06037194500 , 0.0
06037482301 , 0.0
06037430600 , 0.0
06037201110 , 0.0
06037481001 , 0.0
06037124202 , 0.0
06037462400 , 0.0
06037404000 , 0.0
06037195200 , 0.0
06037195300 , 0.0
06037195801 , 0.0
06071000804 , 0.0
06037143602 , 0.0
06037404200 , 0.0
06071008001 , 0.0
06037191710 , 0.0
06037433303 , 0.0
06037462100 , 0.0
06037320000 , 0.0
06037187100 , 0.0
06037191201 , 0.0
06037124300 , 0.0
06037138000 , 0.0
06037143500 , 0.0
06037480400 , 0.0
06071000201 , 0.0
06037265304 , 0.0
06037700500 , 0.0
06037124102 , 0.0
06037462000 , 0.0
06037141301 , 0.0
06037463101 , 0.0
06037261200 , 0.0
06071005600 , 0.0
06037214900 , 0.0
06037265303 , 0.0
06037400603 , 0.0
06037183810 , 0.0
06037124400 , 0.0
06071002004 , 0.0
06037191720 , 0.0
06037208400 , 0.0
06037462800 , 0.0
06037143902 , 0.0
06071006402 , 0.0
06037401703 , 0.0
06037190520 , 0.0
06037301502 , 0.0
06037139702 , 0.0
06071006202 , 0.0
06071008401 , 0.0
06037124000 , 0.0
06071002008 , 0.0
06071006401 , 0.0
06037431500 , 0.0
06037190510 , 0.0
06037405203 , 0.0
06037214700 , 0.0
06071000812 , 0.0
06071007601 , 0.0
06037211110 , 0.0
06071008402 , 0.0
06037124700 , 0.0
06037462700 , 0.0
06037185202 , 0.0
06037700700 , 0.0
06037194400 , 0.0
06037402703 , 0.0
06071002010 , 0.0
06071006201 , 0.0
06037430102 , 0.0
06037125320 , 0.0
06071007902 , 0.0
06037195100 , 0.0
06037481002 , 0.0
06071007000 , 0.0
06037211200 , 0.0
06037481711 , 0.0
06037701000 , 0.0
06037137201 , 0.0
06071007403 , 0.0
06037800326 , 0.0
06037302202 , 0.0
06037700100 , 0.0
06071007602 , 0.0
06037124600 , 0.0
06037404600 , 0.0
06037185201 , 0.0
06037481713 , 0.0
06037189800 , 0.0
06037211420 , 0.0
06037481800 , 0.0
06037311300 , 0.0
06037800302 , 0.0
06037462200 , 0.0
06037302302 , 0.0
06037401202 , 0.0
06037190700 , 0.0
06037432901 , 0.0
06037215100 , 0.0
06037190100 , 0.0
06037192000 , 0.0
06037211500 , 0.0
06071010415 , 0.0
06037800101 , 0.0
06037191900 , 0.0
06071007500 , 0.0
06071010413 , 0.0
06037211410 , 0.0
06037211920 , 0.0
06037461300 , 0.0
06037800323 , 0.0
06037463300 , 0.0
06037197110 , 0.0
06037700902 , 0.0
06037141600 , 0.0
06037262601 , 0.0
06037401312 , 0.0
06037191300 , 0.0
06037700400 , 0.0
06037211000 , 0.0
06037461900 , 0.0
06037431400 , 0.0
06037211120 , 0.0
06037311800 , 0.0
06037430721 , 0.0
06037302102 , 0.0
06037189600 , 0.0
06037401704 , 0.0
06037700901 , 0.0
06037311400 , 0.0
06037301602 , 0.0
06037181400 , 0.0
06071000805 , 0.0
06037403902 , 0.0
06037432101 , 0.0
06037311200 , 0.0
06037432000 , 0.0
06037403722 , 0.0
06037211910 , 0.0
06037430502 , 0.0
06111004600 , 0.0
06037401603 , 0.0
06037406000 , 0.0
06037214500 , 0.0
06037800201 , 0.0
06037430701 , 0.0
06071004000 , 0.0
06071006900 , 0.0
06037431200 , 0.0
06037183610 , 0.0
06037480301 , 0.0
06037402102 , 0.0
06071000301 , 0.0
06071002009 , 0.0
06037194300 , 0.0
06037463102 , 0.0
06037137402 , 0.0
06037183620 , 0.0
06037183820 , 0.0
06037481604 , 0.0
06037208610 , 0.0
06037431300 , 0.0
06037402101 , 0.0
06037401001 , 0.0
06037261102 , 0.0
06037183510 , 0.0
06037480302 , 0.0
06071004900 , 0.0
06037197300 , 0.0
06037214600 , 0.0
06037407001 , 0.0
06037181500 , 0.0
06037189100 , 0.0
06037402000 , 0.0
06037211801 , 0.0
06037401002 , 0.0
06071004602 , 0.0
06037401902 , 0.0
06037405600 , 0.0
06037214800 , 0.0
06037302501 , 0.0
06037405700 , 0.0
06071002501 , 0.0
06037301100 , 0.0
06037462300 , 0.0
06037400900 , 0.0
06037401203 , 0.0
06037432202 , 0.0
06037405002 , 0.0
06037197420 , 0.0
06111005910 , 0.0
06037262302 , 0.0
06037208720 , 0.0
06037402901 , 0.0
06037701701 , 0.0
06037219020 , 0.0
06065040401 , 0.0
06037500800 , 0.0
06037237800 , 0.0
06037482002 , 0.0
06071001702 , 0.0
06037531201 , 0.0
06065042300 , 0.0
06037501504 , 0.0
06037203100 , 0.0
06037222500 , 0.0
06037236400 , 0.0
06037237900 , 0.0
06037403200 , 0.0
06037533402 , 0.0
06071000107 , 0.0
06071007800 , 0.0
06037216900 , 0.0
06037224200 , 0.0
06037221810 , 0.0
06037222600 , 0.0
06071007102 , 0.0
06037702000 , 0.0
06037273700 , 0.0
06037600802 , 0.0
06037204420 , 0.0
06037532102 , 0.0
06037273500 , 0.0
06037533601 , 0.0
06037534802 , 0.0
06037407500 , 0.0
06071008500 , 0.0
06071002603 , 0.0
06037221820 , 0.0
06037533902 , 0.0
06037212620 , 0.0
06037218110 , 0.0
06037531701 , 0.0
06037703001 , 0.0
06037408212 , 0.0
06037502500 , 0.0
06037239310 , 0.0
06037222200 , 0.0
06037239320 , 0.0
06037502602 , 0.0
06037203600 , 0.0
06071007107 , 0.0
06065030100 , 0.0
06037239330 , 0.0
06037212900 , 0.0
06071000402 , 0.0
06037270300 , 0.0
06037220000 , 0.0
06037701400 , 0.0
06037403322 , 0.0
06037278100 , 0.0
06037276500 , 0.0
06037212306 , 0.0
06037203710 , 0.0
06037267700 , 0.0
06037273200 , 0.0
06037408628 , 0.0
06037219300 , 0.0
06037403401 , 0.0
06065040501 , 0.0
06037601301 , 0.0
06071000104 , 0.0
06037267100 , 0.0
06037212202 , 0.0
06037264302 , 0.0
06037407900 , 0.0
06037408624 , 0.0
06037600912 , 0.0
06037701202 , 0.0
06037219700 , 0.0
06037408626 , 0.0
06037212305 , 0.0
06037408401 , 0.0
06071000602 , 0.0
06037500900 , 0.0
06037534001 , 0.0
06037207710 , 0.0
06071002602 , 0.0
06037224410 , 0.0
06037219800 , 0.0
06065042209 , 0.0
06037600911 , 0.0
06037482202 , 0.0
06037212420 , 0.0
06037403402 , 0.0
06037408623 , 0.0
06083002910 , 0.0
06037219900 , 0.0
06037702803 , 0.0
06037533803 , 0.0
06037501802 , 0.0
06037408001 , 0.0
06037402902 , 0.0
06037204700 , 0.0
06037271802 , 0.0
06065042412 , 0.0
06065042213 , 0.0
06037482201 , 0.0
06071002601 , 0.0
06065044508 , 0.0
06037534002 , 0.0
06037271100 , 0.0
06037271701 , 0.0
06037222700 , 0.0
06037533106 , 0.0
06037530700 , 0.0
06037530500 , 0.0
06037530006 , 0.0
06037229300 , 0.0
06037275302 , 0.0
06037502100 , 0.0
06037550700 , 0.0
06037482101 , 0.0
06037407400 , 0.0
06037269800 , 0.0
06037269100 , 0.0
06037530400 , 0.0
06037408133 , 0.0
06071000601 , 0.0
06037403324 , 0.0
06037216200 , 0.0
06037270200 , 0.0
06037277100 , 0.0
06037269000 , 0.0
06037221120 , 0.0
06037204120 , 0.0
06037702802 , 0.0
06065040606 , 0.0
06037274200 , 0.0
06037212700 , 0.0
06037403404 , 0.0
06037701302 , 0.0
06065040301 , 0.0
06037501503 , 0.0
06037534501 , 0.0
06037217000 , 0.0
06037204300 , 0.0
06037218900 , 0.0
06071000401 , 0.0
06037533804 , 0.0
06037224700 , 0.0
06037532800 , 0.0
06037208904 , 0.0
06037531000 , 0.0
06037403318 , 0.0
06037219500 , 0.0
06037228410 , 0.0
06037532002 , 0.0
06037533202 , 0.0
06037502302 , 0.0
06037209402 , 0.0
06037407800 , 0.0
06037531301 , 0.0
06037229200 , 0.0
06037532700 , 0.0
06037533801 , 0.0
06037212204 , 0.0
06037271300 , 0.0
06037228420 , 0.0
06037533703 , 0.0
06037534700 , 0.0
06037212800 , 0.0
06037218120 , 0.0
06037221302 , 0.0
06037702801 , 0.0
06037231800 , 0.0
06037273300 , 0.0
06037212203 , 0.0
06037701502 , 0.0
06037531502 , 0.0
06037235100 , 0.0
06037534502 , 0.0
06037212303 , 0.0
06037408301 , 0.0
06037221110 , 0.0
06037204110 , 0.0
06037224420 , 0.0
06037532304 , 0.0
06037276000 , 0.0
06037701801 , 0.0
06037530204 , 0.0
06037532302 , 0.0
06037231720 , 0.0
06037239200 , 0.0
06037601001 , 0.0
06037212304 , 0.0
06037224310 , 0.0
06037403316 , 0.0
06037270100 , 0.0
06037482102 , 0.0
06037221210 , 0.0
06037531800 , 0.0
06037231710 , 0.0
06065042401 , 0.0
06037212410 , 0.0
06037530801 , 0.0
06037800403 , 0.0
06037532604 , 0.0
06037533602 , 0.0
06037600801 , 0.0
06037221301 , 0.0
06071008302 , 0.0
06037408502 , 0.0
06037532605 , 0.0
06037204920 , 0.0
06037534403 , 0.0
06037212500 , 0.0
06071001701 , 0.0
06037226000 , 0.0
06037271900 , 0.0
06037532603 , 0.0
06037533103 , 0.0
06037237720 , 0.0
06037482702 , 0.0
06037530004 , 0.0
06037403319 , 0.0
06037218220 , 0.0
06037234300 , 0.0
06037229410 , 0.0
06037502402 , 0.0
06065044509 , 0.0
06037212610 , 0.0
06037269902 , 0.0
06037227010 , 0.0
06037231400 , 0.0
06037534405 , 0.0
06037204200 , 0.0
06037231600 , 0.0
06037229420 , 0.0
06037534101 , 0.0
06037530602 , 0.0
06037531501 , 0.0
06037271500 , 0.0
06037236100 , 0.0
06037533104 , 0.0
06037502700 , 0.0
06037216300 , 0.0
06037403405 , 0.0
06037269600 , 0.0
06037234200 , 0.0
06037237100 , 0.0
06037406602 , 0.0
06037222000 , 0.0
06037226700 , 0.0
06037231500 , 0.0
06037533901 , 0.0
06037231300 , 0.0
06037406601 , 0.0
06037433801 , 0.0
06037408202 , 0.0
06037530005 , 0.0
06037532101 , 0.0
06037237200 , 0.0
06037531602 , 0.0
06037231210 , 0.0
06037534102 , 0.0
06037403408 , 0.0
06037269901 , 0.0
06037406402 , 0.0
06037209510 , 0.0
06037701900 , 0.0
06037231220 , 0.0
06037408601 , 0.0
06037232800 , 0.0
06071008100 , 0.0
06037265520 , 0.0
06037232300 , 0.0
06037235201 , 0.0
06037224020 , 0.0
06037531901 , 0.0
06037234700 , 0.0
06065030700 , 0.0
06037203200 , 0.0
06071002201 , 0.0
06037403303 , 0.0
06037272100 , 0.0
06037232500 , 0.0
06071008403 , 0.0
06037407701 , 0.0
06037235202 , 0.0
06037500402 , 0.0
06037273900 , 0.0
06037216100 , 0.0
06037702400 , 0.0
06065030800 , 0.0
06037265600 , 0.0
06037406412 , 0.0
06071008200 , 0.0
06071001802 , 0.0
06037408101 , 0.0
06037533501 , 0.0
06037534404 , 0.0
06037209101 , 0.0
06037272301 , 0.0
06037482521 , 0.0
06037408721 , 0.0
06037601302 , 0.0
06037550600 , 0.0
06037402403 , 0.0
06037407301 , 0.0
06037403323 , 0.0
06037203500 , 0.0
06037530101 , 0.0
06037209403 , 0.0
06037213402 , 0.0
06037408800 , 0.0
06037530601 , 0.0
06037273100 , 0.0
06037403304 , 0.0
06037408704 , 0.0
06065042211 , 0.0
06037482600 , 0.0
06037403320 , 0.0
06037502601 , 0.0
06037262800 , 0.0
06037206200 , 0.0
06037228220 , 0.0
06037533502 , 0.0
06037601303 , 0.0
06037403312 , 0.0
06071001703 , 0.0
06037275200 , 0.0
06037275601 , 0.0
06037265510 , 0.0
06071001801 , 0.0
06037204600 , 0.0
06037271400 , 0.0
06037228320 , 0.0
06065040203 , 0.0
06037533107 , 0.0
06037403305 , 0.0
06037433901 , 0.0
06037701601 , 0.0
06037403403 , 0.0
06037271200 , 0.0
06071001803 , 0.0
06065040303 , 0.0
06065042214 , 0.0
06037502002 , 0.0
06037236000 , 0.0
06037531902 , 0.0
06037273800 , 0.0
06037500202 , 0.0
06071008301 , 0.0
06037267402 , 0.0
06065040100 , 0.0
06037408705 , 0.0
06037482001 , 0.0
06037407600 , 0.0
06037231100 , 0.0
06037703200 , 0.0
06065040604 , 0.0
06037408722 , 0.0
06071000700 , 0.0
06037213401 , 0.0
06037402802 , 0.0
06037218210 , 0.0
06037533503 , 0.0
06065030501 , 0.0
06065044104 , 0.0
06037702501 , 0.0
06037501200 , 0.0
06037532200 , 0.0
06037532606 , 0.0
06037433802 , 0.0
06037267502 , 0.0
06037701501 , 0.0
06037600902 , 0.0
06037217100 , 0.0
06037207900 , 0.0
06037702100 , 0.0
06071000105 , 0.0
06037501700 , 0.0
06071007302 , 0.0
06037218400 , 0.0
06065043806 , 0.0
06037535101 , 0.0
06037213320 , 0.0
06037407702 , 0.0
06037500401 , 0.0
06037500700 , 0.0
06037702901 , 0.0
06037533203 , 0.0
06037264000 , 0.0
06071000304 , 0.0
06037213310 , 0.0
06037701602 , 0.0
06037501300 , 0.0
06037533603 , 0.0
06037433700 , 0.0
06037534406 , 0.0
06071007301 , 0.0
06037209102 , 0.0
06037407101 , 0.0
06071007106 , 0.0
06037204910 , 0.0
06037228600 , 0.0
06037236202 , 0.0
06065040302 , 0.0
06037408703 , 0.0
06037239700 , 0.0
06071008705 , 0.0
06037219010 , 0.0
06037228500 , 0.0
06037209401 , 0.0
06037213201 , 0.0
06037209810 , 0.0
06037218500 , 0.0
06037222100 , 0.0
06037501400 , 0.0
06037403407 , 0.0
06071008704 , 0.0
06037236201 , 0.0
06065030200 , 0.0
06037703002 , 0.0
06065042411 , 0.0
06037238310 , 0.0
06037402801 , 0.0
06037213100 , 0.0
06071008600 , 0.0
06071008800 , 0.0
06037701702 , 0.0
06037533702 , 0.0
06065043807 , 0.0
06037272302 , 0.0
06071000303 , 0.0
06071008707 , 0.0
06037271801 , 0.0
06037275510 , 0.0
06037408629 , 0.0
06037238200 , 0.0
06037408303 , 0.0
06065040403 , 0.0
06037273600 , 0.0
06037502200 , 0.0
06037267200 , 0.0
06037221900 , 0.0
06037702502 , 0.0
06071000103 , 0.0
06037216400 , 0.0
06037434001 , 0.0
06065040201 , 0.0
06037535300 , 0.0
06037482701 , 0.0
06065044503 , 0.0
06037531702 , 0.0
06037273400 , 0.0
06037533000 , 0.0
06037216800 , 0.0
06037402502 , 0.0
06037271702 , 0.0
06065040204 , 0.0
06037208903 , 0.0
06037204810 , 0.0
06071000111 , 0.0
06037601211 , 0.0
06065041100 , 0.0
06037601700 , 0.0
06037552100 , 0.0
06037542102 , 0.0
06059110607 , 0.0
06065042602 , 0.0
06059086405 , 0.0
06059021912 , 0.0
06037601401 , 0.0
06037601212 , 0.0
06037541801 , 0.0
06037554511 , 0.0
06037243100 , 0.0
06037602404 , 0.0
06065042007 , 0.0
06065042404 , 0.0
06037541300 , 0.0
06065041405 , 0.0
06059086602 , 0.0
06037535400 , 0.0
06065042405 , 0.0
06037540400 , 0.0
06037570001 , 0.0
06059086306 , 0.0
06037602003 , 0.0
06059011717 , 0.0
06059011708 , 0.0
06059021817 , 0.0
06071000108 , 0.0
06065042205 , 0.0
06059021815 , 0.0
06059001601 , 0.0
06037553200 , 0.0
06037570003 , 0.0
06037571300 , 0.0
06059087102 , 0.0
06037555202 , 0.0
06037503502 , 0.0
06037503901 , 0.0
06065042009 , 0.0
06065031100 , 0.0
06037535607 , 0.0
06037602301 , 0.0
06059011503 , 0.0
06037570002 , 0.0
06037571200 , 0.0
06037543602 , 0.0
06037540202 , 0.0
06037600502 , 0.0
06059021824 , 0.0
06037554512 , 0.0
06037620521 , 0.0
06037570100 , 0.0
06065041804 , 0.0
06059087401 , 0.0
06037535503 , 0.0
06065031401 , 0.0
06037602002 , 0.0
06037602503 , 0.0
06037535702 , 0.0
06065040803 , 0.0
06037620522 , 0.0
06059021922 , 0.0
06059001903 , 0.0
06059086305 , 0.0
06037602800 , 0.0
06059001705 , 0.0
06059110401 , 0.0
06037571101 , 0.0
06037650901 , 0.0
06065031402 , 0.0
06065031600 , 0.0
06065041907 , 0.0
06059011722 , 0.0
06059087002 , 0.0
06037502001 , 0.0
06059001707 , 0.0
06037602502 , 0.0
06065041905 , 0.0
06059110302 , 0.0
06059086702 , 0.0
06065040402 , 0.0
06059011710 , 0.0
06037554404 , 0.0
06059011602 , 0.0
06065040703 , 0.0
06059001101 , 0.0
06037602200 , 0.0
06037573500 , 0.0
06037535502 , 0.0
06037536101 , 0.0
06037503703 , 0.0
06037554002 , 0.0
06037554403 , 0.0
06059110301 , 0.0
06037571000 , 0.0
06059001401 , 0.0
06037503102 , 0.0
06037291130 , 0.0
06037540000 , 0.0
06037554513 , 0.0
06037238320 , 0.0
06037603001 , 0.0
06037553901 , 0.0
06037554700 , 0.0
06037621002 , 0.0
06065041806 , 0.0
06059076201 , 0.0
06059001402 , 0.0
06059001708 , 0.0
06037534301 , 0.0
06065031001 , 0.0
06059001201 , 0.0
06037554600 , 0.0
06037554519 , 0.0
06037536200 , 0.0
06065042605 , 0.0
06037542601 , 0.0
06037621001 , 0.0
06059110402 , 0.0
06065042408 , 0.0
06065042403 , 0.0
06065031502 , 0.0
06065040808 , 0.0
06059021828 , 0.0
06037554521 , 0.0
06037554522 , 0.0
06065030603 , 0.0
06065041300 , 0.0
06037650300 , 0.0
06065041002 , 0.0
06037553801 , 0.0
06037534201 , 0.0
06071000112 , 0.0
06059001505 , 0.0
06037650400 , 0.0
06037544000 , 0.0
06037600702 , 0.0
06065030900 , 0.0
06037570402 , 0.0
06037535701 , 0.0
06037502902 , 0.0
06059001404 , 0.0
06059001704 , 0.0
06037542700 , 0.0
06059021807 , 0.0
06059110605 , 0.0
06037501900 , 0.0
06037550000 , 0.0
06065042518 , 0.0
06059011300 , 0.0
06059011716 , 0.0
06059011714 , 0.0
06059110109 , 0.0
06037540102 , 0.0
06037541200 , 0.0
06037542101 , 0.0
06037534202 , 0.0
06065041004 , 0.0
06037542401 , 0.0
06059021826 , 0.0
06037543601 , 0.0
06037540101 , 0.0
06037604100 , 0.0
06059021821 , 0.0
06059110303 , 0.0
06037601402 , 0.0
06059001506 , 0.0
06037503702 , 0.0
06065042517 , 0.0
06037542502 , 0.0
06065041908 , 0.0
06037534302 , 0.0
06065041403 , 0.0
06059110304 , 0.0
06037503202 , 0.0
06037551100 , 0.0
06037540700 , 0.0
06065042509 , 0.0
06037620201 , 0.0
06065042008 , 0.0
06037650200 , 0.0
06037535603 , 0.0
06037535200 , 0.0
06059021823 , 0.0
06037542501 , 0.0
06037570901 , 0.0
06037555103 , 0.0
06037543701 , 0.0
06037600601 , 0.0
06065042510 , 0.0
06037620800 , 0.0
06037535102 , 0.0
06037600202 , 0.0
06037540600 , 0.0
06059021809 , 0.0
06037542900 , 0.0
06037543502 , 0.0
06059110118 , 0.0
06037240020 , 0.0
06037504102 , 0.0
06065044904 , 0.0
06059001801 , 0.0
06037650502 , 0.0
06037651101 , 0.0
06065044506 , 0.0
06037602104 , 0.0
06037554001 , 0.0
06037552602 , 0.0
06037555102 , 0.0
06065042207 , 0.0
06037600602 , 0.0
06037242600 , 0.0
06037620901 , 0.0
06037650501 , 0.0
06037571400 , 0.0
06065041001 , 0.0
06037553502 , 0.0
06037543000 , 0.0
06037650001 , 0.0
06037543305 , 0.0
06037536000 , 0.0
06065040902 , 0.0
06037601900 , 0.0
06065042520 , 0.0
06065044101 , 0.0
06037543322 , 0.0
06065044505 , 0.0
06037573600 , 0.0
06037241300 , 0.0
06037553702 , 0.0
06059110604 , 0.0
06037534203 , 0.0
06065042402 , 0.0
06037550200 , 0.0
06037503601 , 0.0
06065041904 , 0.0
06037601801 , 0.0
06065041811 , 0.0
06059087001 , 0.0
06037601002 , 0.0
06065042406 , 0.0
06059001304 , 0.0
06065041406 , 0.0
06059011401 , 0.0
06059086801 , 0.0
06037600400 , 0.0
06037552601 , 0.0
06037242300 , 0.0
06037551201 , 0.0
06059001301 , 0.0
06037541605 , 0.0
06065041410 , 0.0
06037621201 , 0.0
06059021916 , 0.0
06059086903 , 0.0
06065044507 , 0.0
06037601501 , 0.0
06037541002 , 0.0
06037536102 , 0.0
06065041201 , 0.0
06037504001 , 0.0
06037552900 , 0.0
06065010200 , 0.0
06065044510 , 0.0
06037540201 , 0.0
06065042521 , 0.0
06037541606 , 0.0
06037543304 , 0.0
06037572100 , 0.0
06065041003 , 0.0
06065030601 , 0.0
06037552300 , 0.0
06037542602 , 0.0
06037620602 , 0.0
06065044601 , 0.0
06059086902 , 0.0
06065042407 , 0.0
06065030602 , 0.0
06037503101 , 0.0
06065042516 , 0.0
06037291210 , 0.0
06065040701 , 0.0
06037542800 , 0.0
06037570602 , 0.0
06059086901 , 0.0
06065042409 , 0.0
06065031200 , 0.0
06037535802 , 0.0
06065042511 , 0.0
06037541100 , 0.0
06037603004 , 0.0
06059001902 , 0.0
06037504002 , 0.0
06037603702 , 0.0
06037620902 , 0.0
06059001901 , 0.0
06037550500 , 0.0
06037602004 , 0.0
06065042512 , 0.0
06065042507 , 0.0
06037570202 , 0.0
06059021921 , 0.0
06059021919 , 0.0
06065044905 , 0.0
06037503301 , 0.0
06065042505 , 0.0
06037603600 , 0.0
06065041808 , 0.0
06059110202 , 0.0
06037602103 , 0.0
06065031704 , 0.0
06037552200 , 0.0
06037503801 , 0.0
06059021813 , 0.0
06037550900 , 0.0
06037503401 , 0.0
06037620501 , 0.0
06065042003 , 0.0
06059086701 , 0.0
06065044604 , 0.0
06059075811 , 0.0
06065042212 , 0.0
06065040903 , 0.0
06065042508 , 0.0
06065041411 , 0.0
06037541700 , 0.0
06037551900 , 0.0
06065010000 , 0.0
06037573901 , 0.0
06037651002 , 0.0
06037550400 , 0.0
06065031701 , 0.0
06037503802 , 0.0
06037650002 , 0.0
06065044602 , 0.0
06059110117 , 0.0
06037550800 , 0.0
06037535604 , 0.0
06037535902 , 0.0
06037550300 , 0.0
06059021903 , 0.0
06037572500 , 0.0
06059021814 , 0.0
06037552000 , 0.0
06037603800 , 0.0
06037571800 , 0.0
06037502901 , 0.0
06037570204 , 0.0
06065041810 , 0.0
06059110111 , 0.0
06059110104 , 0.0
06065031002 , 0.0
06065040904 , 0.0
06059011712 , 0.0
06059087200 , 0.0
06065044102 , 0.0
06037570502 , 0.0
06037621202 , 0.0
06037240010 , 0.0
06037242200 , 0.0
06037242000 , 0.0
06065044000 , 0.0
06037504101 , 0.0
06037503902 , 0.0
06059110606 , 0.0
06037555212 , 0.0
06065043509 , 0.0
06037540501 , 0.0
06037570702 , 0.0
06037240200 , 0.0
06037242700 , 0.0
06065041412 , 0.0
06065041903 , 0.0
06037570501 , 0.0
06037571501 , 0.0
06059086802 , 0.0
06037555211 , 0.0
06037651222 , 0.0
06037240700 , 0.0
06037602501 , 0.0
06037551800 , 0.0
06037540300 , 0.0
06037540203 , 0.0
06065041409 , 0.0
06037240300 , 0.0
06037621301 , 0.0
06037650902 , 0.0
06037651001 , 0.0
06037238000 , 0.0
06065042005 , 0.0
06059021905 , 0.0
06059011601 , 0.0
06037571702 , 0.0
06037243000 , 0.0
06059001507 , 0.0
06037553501 , 0.0
06037238400 , 0.0
06065040810 , 0.0
06065041703 , 0.0
06059087300 , 0.0
06037650800 , 0.0
06037543702 , 0.0
06037601100 , 0.0
06059001503 , 0.0
06037603900 , 0.0
06071000110 , 0.0
06037600704 , 0.0
06037601502 , 0.0
06037620702 , 0.0
06059086404 , 0.0
06037600703 , 0.0
06037551202 , 0.0
06065041407 , 0.0
06037603302 , 0.0
06059075809 , 0.0
06037572201 , 0.0
06037277200 , 0.0
06037601202 , 0.0
06037551300 , 0.0
06037552400 , 0.0
06037570203 , 0.0
06059011102 , 0.0
06059086402 , 0.0
06037543503 , 0.0
06065044504 , 0.0
06037277400 , 0.0
06065042100 , 0.0
06037552700 , 0.0
06037603101 , 0.0
06037620601 , 0.0
06037543604 , 0.0
06037503701 , 0.0
06065044300 , 0.0
06065041704 , 0.0
06037554517 , 0.0
06065044906 , 0.0
06037535605 , 0.0
06065042506 , 0.0
06037553802 , 0.0
06059086501 , 0.0
06037551600 , 0.0
06059001303 , 0.0
06059011502 , 0.0
06059011101 , 0.0
06037621321 , 0.0
06037572302 , 0.0
06037600201 , 0.0
06037241200 , 0.0
06065044702 , 0.0
06059087803 , 0.0
06059087703 , 0.0
06037574800 , 0.0
06059099701 , 0.0
06059032042 , 0.0
06059110004 , 0.0
06059088801 , 0.0
06059074108 , 0.0
06059099229 , 0.0
06059063006 , 0.0
06059088403 , 0.0
06059052415 , 0.0
06059042330 , 0.0
06059087801 , 0.0
06059110006 , 0.0
06037574700 , 0.0
06037296600 , 0.0
06059062612 , 0.0
06059062635 , 0.0
06059087503 , 0.0
06059099202 , 0.0
06059032054 , 0.0
06059110203 , 0.0
06065042902 , 0.0
06059088501 , 0.0
06059075302 , 0.0
06059042307 , 0.0
06065043219 , 0.0
06059099803 , 0.0
06059099604 , 0.0
06059032043 , 0.0
06037294610 , 0.0
06037576601 , 0.0
06065046404 , 0.0
06059110114 , 0.0
06059110014 , 0.0
06037574602 , 0.0
06059099605 , 0.0
06059074103 , 0.0
06059063905 , 0.0
06059063605 , 0.0
06037575101 , 0.0
06059088602 , 0.0
06065045206 , 0.0
06059099601 , 0.0
06059062625 , 0.0
06065043216 , 0.0
06037293301 , 0.0
06059088002 , 0.0
06059099502 , 0.0
06059099311 , 0.0
06065044915 , 0.0
06059088701 , 0.0
06065043404 , 0.0
06059074200 , 0.0
06059052418 , 0.0
06065043213 , 0.0
06059062702 , 0.0
06059110015 , 0.0
06037294620 , 0.0
06065045204 , 0.0
06065045203 , 0.0
06059063102 , 0.0
06059063301 , 0.0
06059032023 , 0.0
06065044806 , 0.0
06059088001 , 0.0
06037294520 , 0.0
06059088106 , 0.0
06037576000 , 0.0
06059032046 , 0.0
06065010300 , 0.0
06059099904 , 0.0
06065043304 , 0.0
06065045702 , 0.0
06059052425 , 0.0
06059032044 , 0.0
06059042312 , 0.0
06065044804 , 0.0
06059088101 , 0.0
06037294510 , 0.0
06059088105 , 0.0
06059074109 , 0.0
06059032045 , 0.0
06059032012 , 0.0
06065044907 , 0.0
06059088202 , 0.0
06065043508 , 0.0
06059099602 , 0.0
06037296220 , 0.0
06059074102 , 0.0
06059099306 , 0.0
06059032053 , 0.0
06037575002 , 0.0
06059074107 , 0.0
06059062634 , 0.0
06059042317 , 0.0
06059076206 , 0.0
06059099906 , 0.0
06037609900 , 0.0
06037575401 , 0.0
06065043507 , 0.0
06065042723 , 0.0
06059074006 , 0.0
06059099307 , 0.0
06059042331 , 0.0
06059076205 , 0.0
06059099902 , 0.0
06059099410 , 0.0
06059052408 , 0.0
06059052416 , 0.0
06065043209 , 0.0
06065044911 , 0.0
06037575500 , 0.0
06065043506 , 0.0
06065045301 , 0.0
06065045106 , 0.0
06065042712 , 0.0
06065044403 , 0.0
06065043221 , 0.0
06059076204 , 0.0
06037670500 , 0.0
06059074501 , 0.0
06037670407 , 0.0
06059063604 , 0.0
06059042328 , 0.0
06037572800 , 0.0
06065043405 , 0.0
06065043207 , 0.0
06037575201 , 0.0
06059063907 , 0.0
06059075815 , 0.0
06037294900 , 0.0
06065044912 , 0.0
06065045205 , 0.0
06037297600 , 0.0
06059032035 , 0.0
06059032032 , 0.0
06037575103 , 0.0
06065045000 , 0.0
06059042337 , 0.0
06059075816 , 0.0
06037576100 , 0.0
06037577502 , 0.0
06059052421 , 0.0
06059063010 , 0.0
06059042327 , 0.0
06065043503 , 0.0
06059063906 , 0.0
06059042324 , 0.0
06065044808 , 0.0
06037573300 , 0.0
06059074602 , 0.0
06065010900 , 0.0
06059075808 , 0.0
06065044914 , 0.0
06059074300 , 0.0
06059032037 , 0.0
06065043223 , 0.0
06059042305 , 0.0
06037575202 , 0.0
06059062630 , 0.0
06065044916 , 0.0
06037670405 , 0.0
06065045400 , 0.0
06059032047 , 0.0
06065046403 , 0.0
06065043220 , 0.0
06065045103 , 0.0
06037670406 , 0.0
06059062636 , 0.0
06065010600 , 0.0
06037670100 , 0.0
06037576602 , 0.0
06065044913 , 0.0
06065042722 , 0.0
06065043208 , 0.0
06059042203 , 0.0
06065010400 , 0.0
06059032027 , 0.0
06059042320 , 0.0
06065042800 , 0.0
06037575600 , 0.0
06065042713 , 0.0
06037293305 , 0.0
06059032029 , 0.0
06037294830 , 0.0
06037296300 , 0.0
06059074601 , 0.0
06059099242 , 0.0
06065046405 , 0.0
06059062632 , 0.0
06073019001 , 0.0
06037670002 , 0.0
06037574601 , 0.0
06065045109 , 0.0
06065042718 , 0.0
06059075603 , 0.0
06059099411 , 0.0
06065046402 , 0.0
06059032039 , 0.0
06059021917 , 0.0
06065042706 , 0.0
06037576700 , 0.0
06059032050 , 0.0
06059088203 , 0.0
06037575901 , 0.0
06059088903 , 0.0
06037296100 , 0.0
06065045900 , 0.0
06065046103 , 0.0
06059075812 , 0.0
06059075405 , 0.0
06059099405 , 0.0
06059063903 , 0.0
06059052411 , 0.0
06059032040 , 0.0
06065042901 , 0.0
06059088104 , 0.0
06059052419 , 0.0
06059075702 , 0.0
06059062628 , 0.0
06059062638 , 0.0
06037670702 , 0.0
06059099416 , 0.0
06059063908 , 0.0
06037651302 , 0.0
06059110003 , 0.0
06059089003 , 0.0
06059052426 , 0.0
06059063009 , 0.0
06059062645 , 0.0
06065043212 , 0.0
06037670001 , 0.0
06059052527 , 0.0
06059075902 , 0.0
06037576501 , 0.0
06059088902 , 0.0
06059074406 , 0.0
06059099230 , 0.0
06065046401 , 0.0
06059063500 , 0.0
06037543603 , 0.0
06065043600 , 0.0
06059063806 , 0.0
06059063808 , 0.0
06059062637 , 0.0
06037577603 , 0.0
06059099232 , 0.0
06059032038 , 0.0
06059021913 , 0.0
06059099801 , 0.0
06037297500 , 0.0
06059099216 , 0.0
06059063400 , 0.0
06059099238 , 0.0
06037575001 , 0.0
06065045208 , 0.0
06059099231 , 0.0
06059099308 , 0.0
06059032052 , 0.0
06037576801 , 0.0
06059088901 , 0.0
06059089105 , 0.0
06059062604 , 0.0
06037572600 , 0.0
06059110011 , 0.0
06059032041 , 0.0
06059032013 , 0.0
06037576502 , 0.0
06059099251 , 0.0
06059052427 , 0.0
06059099214 , 0.0
06059032056 , 0.0
06037294200 , 0.0
06037296210 , 0.0
